prediction,loss
12.973480550220094,0.18556580872865183
-10.406911527679705,10.364678526764994
35.42236869270058,1.0570347993063123
46.19606021171622,0.35358210963241893
-2.790619871877462,1.0511852655204892
3.1262311142417527,1.0645037828612618
-51.47600321724705,0.00041578332904585634
-16.15886791740537,0.1438177280788645
-0.40966290376406733,0.005011123595825943
-9.650194829119565,1.0589615399451822
16.318479272654503,4.14260584978479
-0.7253755591737081,6.402013944581228
9.435012393714961,8.884681092080573
2.2676706136282174,0.23016724173896666
-5.868824698098374,5.287046314486431
-8.815643521667981,0.012033370094159272
-27.55703441997313,7.347004778654919
-53.52279932326591,16.809256602285515
-39.710635570841,1.504706891738875
8.378247277724219,2.3253512528005055e-05
25.624695315220965,0.03924932871125669
33.100380216876324,0.1506080922133964
-4.505671267036442,0.03924084466986286
24.76149818800403,1.5292226814433982
-11.945908693947947,1.193798532981082
19.47282048330297,0.03170234174288914
-3.7125762808472107,1.3869021849184282
-81.56258181866524,14.727456135526348
-18.4738153887569,0.10458291943205822
13.737821230967986,0.6671833117646139
-13.222184029852615,11.14668313262174
-24.618536115102795,1.7150920593095884
5.509306637649706,0.380547424345365
-4.313844778480766,1.1512485102970762
-5.510534806325248,2.319307606374673
3.3048253014506823,0.6489638339710556
-1.6591807728457104,14.690087020346857
-11.418707223143068,0.0929373902965505
-22.11853103397389,0.031631002420271025
-2.994351133175977,0.3699361990129581
13.241656676433669,0.03234609988911764
6.734939979591635,2.662292530557984
14.804281844621299,0.8490564573733613
-13.29476249294225,0.5890222956189055
8.335610323679665,8.571354181604296
15.788119766284941,1.5095183606525504
-3.3486758455373735,1.2851575027486934
-7.207250534563267,38.13251315156681
-8.10549454908759,1.2261328292201183
-3.044557104797983,2.217004639032701
33.72809270713699,1.402946262410274
9.646227101330304,2.5965505648206655
6.579674206399366,0.008125108338434292
-3.763811870070194,1.5566548014172539
-2.248930622907361,0.025498100491994937
-13.044769905799152,0.02745510052336954
19.05109346857758,20.99264025117834
-21.1330661467462,4.693170229112471
6.345016495365202,5.1353110312784365
15.80484775467608,3.907336970642265
-29.218354772120758,4.5151065108565
-17.929031332469318,10.947335770669925
17.10538053596888,11.072235210472583
-11.909892717652363,2.759887640692746
-2.5167002048394327,2.8055477481120983
-15.99315394280987,3.432988260320899
19.190903433020782,0.3685975029703867
-2.7236021476734127,7.014782316268764
-51.574642752424474,4.224352858130777
7.669716093368995,2.498101769637041
-1.8193461302394687,0.19198869083359285
-31.628186584703865,0.0983742892242641
29.944700304440193,0.024322521578515794
11.547441889980226,3.6964062364102213
8.554344594623052,1.9620356961780663
10.01437854182304,0.6884040565844113
-15.28206455134494,1.9344635523669593
-16.223162732360674,14.50370018165139
-2.64013727058356,0.6184589372751889
30.405730293730716,8.047396014387513
-12.318700415817128,3.0150093704165286
-6.084415154323574,0.06192295812204848
-29.777058016161828,2.925542718166265
12.983349612560081,0.6769675303318163
-4.3843101688807256,8.66902398490663
33.978403242608344,2.1016970755746813
-0.8776949450570533,0.0038027207780944967
55.725615864431425,2.9212580476996948
-16.44826265689458,0.06618594085611626
6.036597365685472,8.799479151464583
30.19694025322342,9.937379453714955
49.592112231598,1.2093596298106546
-6.372104934891107,11.761824045031377
-12.911275657438987,0.001292846581382222
13.554050049241047,0.07308084843428908
-5.243913645285845,2.2406299774609106
30.4260164501322,49.6941217564972
-9.831438505028851,14.936925159332556
15.730343580240818,8.05686051733061
11.774111019147687,0.09200158270888782
-7.478004030820651,2.343553622602811
-27.44781205360179,12.798526816829568
16.83725518471569,0.008651900269584107
2.8036835969092433,0.04735899994253192
9.49710227987711,0.47747016754284904
-28.780760635493703,0.02069472189849332
-17.742226318257604,1.884689677613696
-24.010179702110673,12.257122181702668
24.621301372582895,15.608758284619338
-13.221217330517634,0.0886169013090064
3.874900656424975,0.29944423899216327
0.807069320556385,0.019181679162775744
-33.648394136184756,0.014129701736210356
-0.9809447225658607,4.930596611514441
-4.909571244387255,2.5020503484621646
-25.151609628557917,0.0677941335707108
-32.88274025822144,10.455239742975209
13.636867466544166,0.20625629083258556
-25.39508472024318,19.297353097350236
-22.911121466735874,4.088584665306764
44.23149730581434,3.055277409793133
-31.272103862057673,0.3580355549488493
-68.6191038281513,29.4326448664579
22.905650861889132,0.8264871326044234
-17.425940359716673,2.8717061544113274
20.54967343877819,0.33816829260949144
-21.871373961244938,10.814154610060037
-0.5794070731023544,8.125509157952298
0.4429875326504964,1.0021368569419067
-12.953650625312742,1.457975081991722
12.335692698666852,0.5849792780409702
11.278594820610016,0.017746583468956856
3.0469957082353343,0.06813485668253809
-25.49089462798224,0.2830609911103301
-26.415463006921197,2.356795516930264
8.87870645377503,2.9826396138702855
-27.82094058459209,0.12927761357122924
-18.23382561117862,0.1927800606895609
-15.192696197607328,18.645612809098342
21.962177123841304,0.00530854529052883
22.99250711905187,0.47602706451041515
-18.814835453832313,0.6613271557291652
-26.654402069911452,0.2299007290920384
20.12454439992958,5.999199387242217
-32.19992447974037,1.1410458085468136
2.394239713384101,6.252462436700079
-16.09552101193005,0.4207632284799409
-37.72126012878952,4.756204529048031
-19.939800979957084,1.5925793893449473e-06
26.463357401130526,14.369389938401598
13.21643987113612,0.5073899912966229
-18.008156436525535,0.00020097778918959372
13.290576075607893,0.02755181547505888
42.76296068243365,10.768603321989037
25.983745471047758,0.9183244249192817
30.141514155616978,7.539259622049481
-21.615230832488276,1.2106004411730278
5.781255029115092,2.142972978445773
-5.052708241781071,0.06994153812161223
-5.909924632264373,30.377122112440116
-12.362716474050368,1.4638772371513658
-4.339546074654757,0.00021504988027572493
-0.8438735885670587,0.003831582365833863
44.710212704254296,0.0884320535528119
-29.17765314804289,1.4499336309245352
82.34631774749467,292.2837145499402
-31.217124936985368,0.989785821917226
-18.690710620609007,0.27944061607546505
12.481854835546605,4.337097641166231
12.455647788321405,2.0682859647199057
12.171463293777114,0.24347814511819826
-7.169981545274249,4.167509095573796
-35.688566959193146,9.982632672538966
14.266807511381847,9.00178208392801
9.563727098292778,0.005023137472887888
-33.803764371943466,0.19997031404503873
19.6023248954253,5.4725968430739425
26.795149498610716,0.7348680355896695
48.47769537625711,1.5608192131543717
13.653576279073453,1.572055978076677
0.620556469296593,0.09230075853376597
-20.78565389353791,3.8688861651954753
-37.816202446752904,3.0327763733030246
-17.535291295061096,1.3907397451694425
11.097718248082023,5.233461419319274
19.021017519749893,0.3579254001579584
-6.887022167979618,6.997559729088294
42.497334056737905,0.9718604954746671
-20.14329445845645,9.428883921117649
13.374894658253316,2.283615864010174
-36.4135783475927,1.7292096450050245
16.39612431142017,0.583998236856094
-36.12419682427757,0.03651275614136569
10.727989534896102,0.8886765980510654
5.564518477769658,0.27044247866755966
-20.411079717782126,6.464858130913933
25.31308510222495,8.120215131370486
44.10218991803682,6.661624476824383
25.331328692993583,1.8499510754078816
-26.822985419287203,2.6434070428483993
-5.440216573123317,1.1225987645464859
19.844155837242017,3.590210035737075
28.85340825326286,2.7252841755339694
52.76304389509837,1.1726717904381183
17.485983977439407,0.12014935843919672
-12.249977311277778,7.333275668107157e-06
-6.148183823974799,0.2716405165354569
-51.215002261407484,4.284241726065403
-2.7399108390242564,3.1993832469599846
21.74984254156762,1.349965392794336
-29.595767117169043,0.06426087248139238
-12.662541125635252,0.03629115903801825
-73.91343929221834,0.0054728989239899925
-33.92526230625779,1.1372910334452553
-33.69232855963853,8.435337791001047
17.258773761003074,3.5524962736460837
17.268696825953587,0.14673073570629172
5.271722264132981,4.819348330257976
-20.16290832616541,20.741988527778837
-11.717222723567795,1.6186999754984492
22.796648974495685,3.272442062863218
-3.0367611732468873,2.7774905008271342
-8.478626575636946,9.143713150562508
-18.700774806637707,13.123256858445606
-11.830223453436398,0.12767553789098898
-0.5783982733607422,0.06569032502337936
23.565450908408668,21.833715419157937
-26.278509608499757,3.3998686078083806
33.5769973225453,0.13217941132738967
-22.55860642051591,4.4220105216269125
-37.0192915936427,0.9268573151805474
35.949746916174014,4.593869678174022
-12.650128984274014,1.0519037463543102
-24.2322903220772,2.815399899609553
33.21908733264086,23.7277225948827
19.724498669515544,0.7277581923709636
10.995849838131354,20.600209865955257
1.9834073445512297,3.73380565672974
13.157903078667195,0.5846463693286597
27.18779796895821,0.03803489627708457
-5.84273669134897,10.307257675717043
-2.260246720802071,1.4231143840648672
-8.928036391886971,0.6336324127311217
-18.23560911278464,5.01034059983283
-20.354492944245347,23.744968381289354
-36.87285250347308,1.5525586731634484
41.41786063170078,0.24166372419354126
-6.521705897309838,2.7853513460750796
24.80940051187743,3.5137762903088134
-7.441122890736901,0.5651591827344867
6.304097907170066,2.635188855696947
9.544818316814732,1.2573591963547017
-13.292781642458104,22.05631319445098
-15.220014361981308,0.5190390680407507
-2.0677006918774143,1.8541345708176253
-35.784611016705135,2.829746326484674
-26.461777388525828,0.44941221560136985
-8.251477388564561,3.231801783676767
-0.026197205232032283,0.0021095844765345534
19.642760478313182,8.242309068186069
-26.706303944270115,3.9078567077790827
-0.9730427814743996,0.6109471368460666
-55.71748721451261,2.571974362671373
-16.866183129642973,0.020178471078978136
-8.384382229332724,0.010893045407165187
33.31307029539865,3.3547380004536373
-33.49300293374286,0.8196388657763309
18.57246405878941,9.260222053061737
-9.041399479519024,8.671141763506512
3.692896113635376,6.486586098246454
22.70630729112782,0.15738300939185543
-28.334045027860345,0.22711103578318814
15.243234457940522,0.00684987542336333
0.9899325615105334,1.4262248440924412
32.29173668950299,1.2983273803957733
-12.604424574029226,4.0043267348111495
14.82267080581831,0.0556176670853872
42.583257375423806,4.075151633132123
29.95028859248733,4.010392103541191
26.82861114818034,1.8224444703507818
-23.54255918762173,0.2734566846961265
-13.83111276355539,11.022991797066313
-6.521946727267201,0.33769753847758627
11.141910532342214,5.300336669052887
-29.84581653179684,2.74115115207033
20.96988614747706,4.748150195247883
-5.670643936449453,7.427801587825897
0.8711963660777167,1.1012653151203535
-15.80976863366474,2.800233456737338
33.91820109988807,0.23572816273619387
-31.921462894376486,0.01868028632705023
-7.331057450481886,7.684448397342592
6.637712357631477,10.217718175541235
30.261639280113975,0.07286839165342393
-25.51519239093731,0.8376662626069876
17.73619866232021,3.9335395326697262
-18.867623142035352,4.928554217810064
33.44171017398943,5.0237038426165414e-05
-27.214888429179307,4.363585073031287
25.834818067226156,0.062291651175343764
11.324234047101305,0.7465304952819389
-25.70781549810445,2.254683444988986
-56.46081611862147,0.02449298331636816
-3.439698291197695,1.0982144420170237
-9.258495166541516,7.6485604425577085
25.750186066057285,3.0838079926725324
23.80296487507174,8.10855673396271
30.91105619609421,0.014880753258337048
0.10298505414210068,0.24308317433306792
15.945503396659582,0.10343187693263603
11.771612437674447,3.4034739403003904
12.703384253154033,0.07450504790278095
8.832353003021714,0.9308886098200599
-0.0929892271614483,7.118203112673656
24.36021361420656,0.12177200960386379
-0.9673812924738547,0.1507291461984338
18.330866894327432,75.95721076404563
-26.231917206490305,1.1002066764558915
3.8374792766814014,0.5128632526125879
16.65942184796766,6.380060861321336
17.648276893345912,2.435185984016964
-23.87138991414825,0.15166350083021665
19.904006251556286,2.4462077034821763
29.84017934849179,0.13909295743490088
-6.179567340821032,0.34607179916053626
-25.869614846093366,0.08593338963062826
-10.67782660334698,1.608840423301558
4.496838174592531,7.250439438897866
8.810565013275385,0.5743300731139263
39.68074587611871,0.5136620921104857
16.799028054525056,1.1030955374902212
-7.44731736603965,5.336978123863468
8.643507203377075,10.3828156549954
30.302648786899415,4.263004268382008
3.6482277571420436,1.7865293574886938
39.068061784305904,0.7963236227780306
42.363904778714094,0.1374030079695949
-4.500407859510142,0.05775219062802125
-33.29623554401943,0.6364622851012217
-7.933104635253338,2.8828199368679046
41.181044923043395,3.2523435273859502
-20.677276141085326,3.3211506500889563
15.675957298289651,0.18029450725250626
-15.096392401320253,0.49938989780092385
8.485832385191562,0.21703832182611854
44.33400568270476,6.153773042561719
13.905171876278699,0.8083176851020168
-20.57039824058749,1.8070974905512311
-5.006762937880362,0.7638839576979184
10.354611465517044,5.386138644546874
-16.656161127372382,6.668827056901011
37.32461306950372,0.03314879960702328
36.92435926473936,4.048947421656041
40.522680456437534,0.02572900271504433
-44.31010897268013,3.140658415417019
-4.903195940926603,4.951959540463915
20.676875363136904,1.7267242315860338e-06
-40.585865015345554,0.004323704763533938
2.5367751648018295,1.3346592902786487
33.89272936782273,0.008097341680229991
-21.26593243162561,0.045923529815588976
-20.054146355183203,4.071074819474927
15.872639665068467,0.13574095356671134
-2.122431345202118,0.14823090328818755
0.0737233623856548,0.3440342627755278
-27.422947668915224,6.785737574463611
-4.6327278644853696,0.6900878766465955
-27.41749967361191,3.7112726177339663
-32.81639037323337,4.534030045942642
-46.39157898631938,5.517395780539471
-32.21058123358495,3.6212606127241664
29.559300998689924,0.14178520880743983
41.476140528833604,9.920210182895694
9.042944492602222,0.7831660144886116
-44.061347618711046,3.574342061308649
7.562402824373342,5.216846404759059
1.670164000261101,13.867944931756625
9.397552940922784,6.309845237251728
-17.47041177220964,0.8592723467220883
-17.74844982138968,0.6533517201244721
-48.55462902276421,3.3530206602517514
31.64967130439165,0.11354368064450249
-22.45121218404959,0.16156044772889855
52.41199771620696,1.261306500744001
-26.94231965883949,0.8878532987798374
0.07837576203131902,3.9783207409319807
-23.404052844762912,106.59664696182799
-45.81056568697583,4.782441515250981
27.547647356198237,0.2820810750073308
-37.174070386111985,9.518434457019234
-0.9793741371369526,3.1550789387871347
-9.538468740226714,7.973775239036291
-23.25414564157698,2.6381018880885585
3.5287068069505576,1.0126587961607085
12.939563473785077,0.348694510613767
-36.06869217755398,1.3928931262191222
-20.905367526103365,0.7361008497268436
-22.615436459458504,2.6124702780089146
13.251294559223671,5.187496323610233
4.2186822007524665,0.5685765261774736
-14.521404105130992,11.357075654348506
-49.2137668393514,0.29810755278297
-10.444469671873131,7.17876882623267
43.400940908285484,0.005763385402793342
-24.77989234593452,0.02996101272578939
0.47185122657744727,10.96250462239523
-11.23043323263361,3.4611201675343173
5.417611302488217,0.12463680310133221
13.359229655595575,0.2130007041543662
-0.6727097055991555,0.969115600860959
33.47306518312282,1.9897695892196734
-30.984142501543015,23.996054584418115
-60.07783506684465,5.839911915242347
-8.398334193164354,3.075527105039594
14.719677163748534,0.0017268761710219332
-37.306326114033915,0.03092137292144114
35.524149660084525,12.398984722522755
13.58718115722746,0.39725595265741204
-33.18246435777397,3.6913593849986523
27.069357464390425,15.04851938475046
28.991103389941674,10.0441754078789
41.3726313394213,0.0157735908666732
-0.7455408636555012,28.713817593711937
-18.915485082118902,0.08543864700982821
11.417705947255135,3.6771803054859182
-35.8628660660499,3.7979788650946853
-20.593471412067583,2.6168441628940884
10.837484411230909,0.38429212390389655
-9.27397982793054,1.5571267179130333
22.949247733180773,0.6556676900530427
15.84389346919672,20.756897700995594
40.60309113799027,73.38585850108713
28.508935960400397,9.835716309831755
-30.12073076875468,0.02700330771634499
7.777417976771536,0.09534511221451496
12.164750412624214,3.32350645541413
84.29108560542086,3.669342249452428
-55.85985121315512,0.08914470406215962
12.2596537289917,2.571215405601882
0.08152649205574902,0.32903937307922015
49.7258874424003,3.8260542071010857
14.072264528950972,1.9887110889337496
-6.912601764404124,4.042276475952711
11.632538864719,8.574074647907446
-4.293635457989732,2.4248572851416905
6.1904475297232775,1.5673487026216397
-29.87356848186634,0.43332559319565706
-11.974390458343281,5.6359793157675275
16.410848162023672,4.1066467703353915
-22.84939146981004,3.8759635112416313
35.436427133800116,1.1880048829996315
-41.033246752856975,0.8792637935485966
4.4018760225004225,6.759868889831442
-3.6981145206076267,7.601897561886526
-3.7578020624471353,0.05167748059296889
-41.689275135437164,0.4576144776960031
-3.763389836438572,13.380087674305486
-8.07693559716436,1.520416945031436
-15.088947877756832,6.181873358899544
28.440134651388366,9.697255907274343
4.6749521633637325,0.32604509172238505
-23.61278712891497,5.1495844743457155
-19.982557427138016,1.5859535615462257
28.72055115635546,1.8010702481381657
-5.505375783320838,0.001041994639924613
-1.1286374517996853,14.746777721512208
24.61508730053008,7.092346363140734
-27.689981041233846,13.377492439293516
-11.897670118041484,6.381079682412663
21.270701803277195,9.998213023751218
1.8742113024826688,6.5210978867408596
-26.519203180629386,1.8844151032576504
-36.86682001961294,1.4482933727028675
21.87071589561478,2.880595994384597
9.284786344890838,18.378256386884143
-37.29987832377075,0.14317397084134578
-17.314137337027926,1.7062534414442134
6.274884230749768,1.032814959851278
40.330061861883586,19.62899403955382
-15.152531566410895,5.236024281426131
23.09305427583543,5.748040790055868
-9.500075374767997,0.36285619847653383
9.300716833900927,0.31252095769289495
-36.86891758931339,0.6716789604629589
11.032992654428133,1.3199943169476303
24.57217148051122,6.659677716973339
-28.369565665121097,0.40024869076830305
-31.883346076624758,0.023438293482632468
-22.629771313320298,0.2466341278574366
-48.16484872000516,6.309778359411928
21.059531883031998,1.542516967566316
22.335953551819518,3.751486696667057
0.6555182472868679,0.08676875171117918
-15.266706140028615,0.46361041890215016
14.299238650794782,4.895822348852427
17.498478118048997,2.826829755365112
-10.061904780653839,0.02865383883176192
55.52071882488084,2.6850727643763515
12.88814605367215,0.9039500752376162
5.625839423461988,4.450973526595004
-5.086075783102347,1.1939965756980517
13.691201030491724,0.5710653392736545
3.475884306658193,0.23288665556330815
43.71748406729821,0.06083866910874488
8.460646248452028,18.46583390587206
37.47880904261424,0.010659281255625997
-8.490800117726403,1.8693145995522462
-16.94736329258134,1.3991717048152332
7.382712746726289,0.7478131994659339
1.8424398576489887,0.4343117093953101
31.2875504860222,6.230150854431123
-10.648110200895198,1.6275867083829425
-26.294984763375123,1.0616212449634346
6.928359590588164,22.95483628107247
-31.207854451320184,1.1654460037943544
70.85618096206629,36.23115958514264
29.612302176065118,10.940471066041585
5.176805339508453,0.8618778113290583
13.54935402316996,10.063980740989015
-38.89770719716493,12.195969381262799
-6.512327571976678,11.61103050087023
14.869219400311087,0.19260051102050904
-10.599485259233733,0.43542325934617176
-29.098032713368053,27.61676160986472
-4.635682788608571,0.8661218577231902
-1.984219681195649,0.003222109489489553
-15.449527268693837,0.45543359978597825
-2.837499491170698,2.09135439176589
23.61844217755453,9.58726617060939
-9.282073254899645,4.8927257850574914
30.15024708592647,22.970495413773637
-33.916289175595104,0.053548497264611625
2.8280904987708677,1.466619890144603
-25.583748060111684,0.02449706481591183
4.7254987431890125,0.05455029982103028
4.428313040145772,0.0009326412936538124
23.144829635427488,7.525051416763763
11.395509896985706,0.025084920747865683
-18.746397317998667,0.15812908782106141
25.18859285770971,3.1281663859756583
38.146223102441546,3.435608728351794
-55.149095821703305,13.864887728174887
17.388754029202673,4.057533254059105
-8.602422999259398,2.3508609512481726
-23.065519604774163,0.8609411531475276
-16.471208645810332,0.004169585268002636
-21.933242419421656,15.086501458003942
22.42202109046487,46.38284992846157
15.770233710586316,13.126142236611882
-36.22593449737301,11.176325059988402
-37.3692409891813,9.145821288479649
45.36226124802041,5.999532977145787
-20.97779189116333,12.813665151472504
-10.704755335564679,10.038662619040064
24.007962833465417,4.269431876619875
-5.6563361534949,0.8805436474582916
-0.283408352078917,9.472761797889762
9.565179025293068,4.120054233776546
-53.60328409295213,0.12292328498514936
30.27997172256538,7.030042817999706
44.2925952059696,2.5704789484648676
31.105317197911024,2.695748082255554
-38.13972415861722,0.0016049684707042692
-13.426366215843737,4.443818739933553
-8.683037012385208,2.4067544982331017
18.49064635157514,5.03689461070309
25.35353463521729,3.4693314740341488
25.49185438339943,1.8187333982415361
3.606273629247763,1.9509198470190192
-36.63074264472838,7.178991351472509
8.864407553759369,0.6972282259370253
-27.21520912991745,1.3015941844287147
21.890382816340935,0.2374759209599953
-44.22728915356138,1.460993847525416
-28.74840441821156,0.6683482750200116
-19.65788972265808,6.120039877296813
17.997098572496693,0.36346835664845206
-52.07511295035321,0.13172580572635587
38.33400684754414,1.194586117523943
27.63986062642289,0.45445778201454773
30.907917763577604,0.4804725480599893
-4.930428481650916,0.4701042920160623
42.36159318273005,0.49478328066301813
6.202456380404746,13.121123568854342
2.28820643783512,1.7025704781155957
7.29900958763462,0.28948465359903164
-27.182079356963737,0.03394953083871791
11.163077233489409,6.5526314354182595
-3.3087887109515552,9.460648954648113
10.367973643397427,0.09722852296256568
-13.561790980508684,0.37074397403365883
5.040623638421172,1.1796322708637437
9.323254850943972,1.3814156897114946
34.149690326980895,10.269791653475872
-12.995658527158932,2.7088783572408577
-7.877909553827573,2.8850482212211017
-60.364236329135814,175.55548231730515
55.898093692554276,0.6189240708298795
35.84171848293024,1.5156104138520554
16.262774899713822,8.688865026453975
-26.723318347104236,5.8474880766964725
4.361320576097176,2.7898446944637874
-9.720205996390215,3.6241350713412945
-0.012844750678505656,0.20875133689087244
11.132713015036407,9.26719292237596
-44.59935436543143,0.325074121312459
-4.54872142638437,0.011283614956253149
-18.717191251920706,1.0807181140925033
27.66582194975452,7.4796357809470315
-7.157015803324876,0.7134589852867183
17.573321727989555,0.027114340074061185
30.630801139894533,0.12972053284256946
18.505841053472555,0.03624802276659567
-26.133197794487796,7.198262794970589
-6.3598517287875165,2.5043844410041816
-13.9375676368257,14.154191816803394
-21.27611269624877,2.6852889723506137
18.288395773186767,0.7347720206021272
-14.654087686885356,0.7118038550607042
26.359537757138856,2.5813082126937767
23.586035810072595,5.07972979410434
-39.394583880993856,3.438965353406343
-8.593156827611532,0.07175322078085067
-26.485562847889316,9.759695808921004
25.898273493114647,34.280265743565906
-4.752916197552091,0.25712831870442554
0.3353088384887053,4.376574571849634
-5.108476241636945,8.20507293805093
-9.620830140323212,6.787689908224993
23.976154450825096,0.7787301575003478
8.39633345751158,0.016612598512180034
33.84776411381781,11.314978805899992
-35.12895865664954,10.128835586084195
12.162753791667837,0.5538389499997456
-24.572885694441833,1.037700296441599
24.837595256233858,0.9780471416392982
27.757352772018084,4.646765990404928
39.49033890780901,0.18721915810246323
-37.092830549602276,1.09757993739058
29.87129406976705,3.9399804925638016
28.15936992843213,13.223367193988443
45.62859571510429,4.603358279089018
-0.094126205206843,2.834094712449494
31.93268317516426,1.138289809801728
-52.7684018322872,0.049555032387564237
-6.575227603961574,6.353512827546525e-05
67.5946464366561,0.3643409526013798
4.180796540186334,0.01520450364513803
8.158349184687742,0.14323350365193283
-20.644591215857115,0.8763575524608337
-33.33767710795187,0.5416372286088759
6.548298970149707,0.27723256412208974
22.9841901289163,7.288705476086468
41.143213218886636,10.169968714381428
-26.284494113692727,1.8512329098004938
-7.1061334909407865,0.09287037683913667
16.180252412156978,0.4107033945553789
41.90899155580765,19.50805025730685
-20.58245170214273,23.507103699513323
23.294470204973738,5.694182069378405
7.314413640510926,0.12619150189364217
-32.88661746879692,1.439892810741594
-1.6510161087021606,0.01056828517949015
8.088765262111698,2.5320952801125527
6.1208439010476265,0.9108162976108052
49.86810047817297,0.921738420005414
-1.3048427829265086,5.030977670398537
9.40731625792491,0.9831872646139088
45.58377632118674,2.5679622831384945
16.894815203246697,5.537252318407379
13.575375322202524,0.9104364273751983
13.284723820410838,2.9584676955539715
-13.426295620570139,12.159391598567632
7.853680263467635,0.8904207417926697
-7.323181339640813,0.4599140353205247
-35.25306517321843,2.4882175193567906
0.6247910299612067,0.0028518324993452165
-2.0972757097337915,0.034829226299217794
18.58095693591834,2.461948620206663
54.348265209713894,5.398930926776623
-7.159205936566716,0.9681818283212107
-15.365644991801071,2.2608493888370154
6.716896304065207,0.7718603189992179
1.4104690557217532,14.9322992874435
-4.947501639189918,3.0589638532052663
58.8950543439034,0.15776874277598224
37.322101582359345,0.13514906030427462
30.582112516399167,0.0072968885506613165
22.607730339483016,12.727493948159697
-27.117954050087366,0.27665411568861004
-6.440214486073481,0.14618374459245675
-6.12585556081863,12.747464763750795
-44.918062473000454,0.6134634363479896
54.70040142819348,0.09082683631046512
-6.7197616017420305,11.129300732531723
11.761434397537604,0.5160275064015043
-21.334439145195386,0.008799147605732268
5.9792562415553245,4.78513233247994
-26.342899469742957,2.037560129964358
3.3704840344205547,0.011691316290533969
-6.161854886312804,42.19046727570355
-15.338347176990206,0.0005433781330765284
6.663128317278831,0.024437564581276217
21.25019200527119,3.3641739751909423
43.81159531149856,37.132702756464745
-28.8167360616935,3.814570153874256
-3.148671904665642,8.888953297387534
2.4554943924156003,0.4521490963550607
-13.199689872999821,3.9292294858515135
23.655862420540476,0.019256109016999298
-27.805943808484653,0.3828945322777158
14.492900987835489,5.8360359467505605
20.714769470787648,17.415858221160782
4.837980588179155,1.0836463635925886
5.849325508596186,11.899388337579015
-2.8718182866951256,1.210836963409512
0.6178100727596723,1.9772073647140938
13.238516222591008,2.0185221477446076
-6.883674920294405,0.004685866389053112
-8.167379253862125,7.207449582458891
15.81689479925287,0.01979632838482967
74.11244866781222,1.7364466574144926
-5.24476087381735,0.6421074787436828
-16.972692603282386,1.4322781590430262
-5.561063106105424,0.9501540791263128
20.675276761598585,0.506111904737767
27.886157945387215,1.7654550123248143
-26.670952340379163,1.1859569175470104
-2.7512370328070705,1.7177473464933684
-49.89140253667885,12.44012903252775
0.2155267748987535,6.228014448120827
25.661198860949032,1.0348292858509538
24.421805572966566,0.9749657966231732
13.811329527421934,0.8606369302865778
-15.64657191878471,10.873108144952937
2.1393107939346887,2.0084108289677993
-42.083600215194714,0.022868109761951996
-19.05663171352381,6.251524877087625
-12.825937469945055,1.850065539597743
-7.032117537704304,2.6264015876846267
6.76988071014741,6.1284447341681
7.626531065962999,0.055212343964531396
-20.621675943987807,0.16914512774944676
-7.1840344047809115,0.11946582794071352
24.52593363678001,17.877188730382368
21.142247482751447,0.5214929986084715
7.851994636524685,9.106841472048794
-10.239965513110855,0.04327029171865656
19.954142418318742,0.9443534825694478
-3.6701016008936254,0.8297643990786547
-18.128825106998374,1.4122253569408012
-24.907695960297172,10.365764517486948
27.23664337742783,3.938041520047687
44.96908101189543,2.454296893686801
-41.889146217187694,1.3983865635700918
40.58862697584717,2.8747832129335604
39.68734682925625,4.7705130977419286
-3.100530322375045,0.17995146268500145
0.1568514919391697,1.718556282786422
69.75610633527045,1.1155871975389167
-8.96232064538743,11.342462228944706
20.82560431885999,4.034593157720702
5.687880643755127,0.8592618374199491
17.731231120008562,12.684876514379601
-3.1359871452771646,0.09081758415166633
-44.567631707882164,1.0857449455184758
-1.168605857146739,6.3997800660854285
2.2961774394875274,1.494503042007361
-7.0014101356648215,7.34987072783625
7.442137527903133,0.012527715754626915
13.076239300709345,0.3701628328709428
-11.86127441354507,9.189226100860397
-62.34955426064747,1.3401720828421322
-33.33766498205771,1.1492153076959801
22.69998561728166,8.448361851125899
2.096417560704671,17.242783913532207
-15.993830447093169,7.7186467477883065
8.914090322877398,0.553449619746411
-24.14195272480519,1.3331095358347276
-7.8949426997844885,0.5100898257237548
45.44602386829805,0.0013614939385753182
36.917165940614645,3.1012816072567713
12.04802069452551,0.4836925166256397
10.873405757431632,0.8438371039676895
37.58775275141052,0.7747173865821538
-46.2123195421381,3.8683620502192104
-24.053626111298723,0.7538250491100817
-22.960515109241296,13.580966030725218
-27.93135432720622,4.41243020445155
-16.081346902237993,17.18389388464117
-56.29672509914062,5.1176077639622
-19.546726152016884,0.01463007036079116
-23.234986354704585,2.1643629866762373
5.3546172592375765,5.940663962966163
40.370211387587936,1.056335425763657
-13.17154227095538,1.7578497526641264
-4.767724058178326,11.903991085506782
-31.040903764551313,3.5723851200051344
-1.0156904388925005,0.4477949187086516
20.386858536232243,0.01246945598806222
31.86461027383878,8.433190383610722
-47.256785885195065,3.145376212367574
14.76015334772716,0.6159520855811398
-35.00313313551256,0.1752761946360854
26.636965256701007,2.5828021769609424
-28.726816772249304,0.29759665600457996
29.04082884757874,5.397222310220444
-22.022736763041205,0.0790929028160345
7.321193743078899,0.0006059324546644179
36.80939834138652,4.225738767489236
101.10908804621882,30.878739525177032
-26.179017286159546,17.640074831278096
29.979980846158657,10.171313853022305
-16.569217818773115,4.93117918763621
-17.147606388490697,0.49812315663798745
-2.003221236044249,1.4427719633436644
-12.62710923152033,0.3941366894245762
19.58359246641432,28.39956370537376
-30.900008072193867,0.04637275286128494
-7.749025449655457,0.3515598988979636
70.67922372511352,0.8153779877226864
23.45521267277765,3.074579362156451
-7.9476032289935254,3.5291994682002423
1.885045656975661,0.7462850187193955
20.1742661000866,0.012353302371088365
-21.470574652205197,1.366378583732195
10.464763956245479,0.2646768838681462
3.065104993784905,0.10611198154897669
-10.551843827770805,11.099281147966975
-33.088382217880515,6.180317812389245
15.498637227494006,3.0519330987813307
25.915813529525412,0.8617767715234177
10.751452361856442,0.010742645280825988
27.628900557176358,0.05047812258235969
-16.559756321550292,0.040358162147668915
0.3919116013856063,6.9998709188553745
1.945281515731265,0.5296583848541667
-5.244451013917834,0.01549242602030652
-4.1497983649803505,4.378150270746945
-0.36513247065436816,0.6885885471006746
-42.59674550634069,0.12759753377163988
12.373346248115523,0.23817374913958322
-31.229859622005673,0.3025134381911543
-8.668168502105042,0.462685062015105
31.75573051761707,0.34842795990001035
-9.724760773663045,5.073877493828508
-7.754373154241344,1.178126719866008
47.534429222361545,2.078236580107056
-11.255745685069693,0.21292687764444887
-25.09140705902767,8.958214363054477
-13.180192198279949,1.3185626201948684
27.82821202935016,0.8322711495805007
-35.16715783576482,15.695740028572144
37.378672445787366,1.351764818191727
16.474939490930144,2.2931911474213877
-32.92332785952127,0.007670851501947769
-16.769175826372106,9.292295415094234
-51.51627931356351,7.186409466147323
43.08191062077545,19.99646772326482
-23.662126164299462,3.4116952434129213
21.85204481673235,2.4897073465600137
1.0384732254131757,18.332740479339403
46.721136524320066,30.084060952944306
-1.965788770765973,0.024747161993826556
27.60777789345745,0.7170652669321427
5.518345019966757,9.599201838579331
-51.50183044620392,1.2453836583477116
-40.088240617043574,0.7414102202484611
18.488304044564718,13.007055247929404
-8.065061971653098,1.5702513803775309
45.61981477776194,0.2790137347293774
1.0345133494358885,0.35388881780065223
31.81806531717324,0.30728739236171165
18.65769479399457,1.1025806765319834
-15.832761844926788,4.885473697364245
5.437926882676285,1.7995015001056418
35.45909495739371,0.23205199719653244
-1.932652612359073,7.37825924103033
-39.81619479052733,0.18331188771080553
-0.5686287883322996,1.8130007871542007
-21.5488822189125,7.633238020035501
-17.92511408716801,5.290950226398586
-14.641955256861914,0.02264092038650782
3.445888006000713,0.011360247379230021
-5.874928915082828,1.7131258419790676
4.206255882624836,4.9932347696949035
20.52058681684733,1.1124617044933252
-53.31893835933901,0.46675409728842315
27.223652171727938,0.23952806687012718
-13.413980698487146,0.09893226548260306
-43.424962975071686,1.9303138463068827
33.30377506607615,1.4765026771039076
33.007993736409524,1.9872417832789115
-5.7269130268225705,3.6325550697836926
15.238961221871412,0.9547023189371443
-6.048281822180721,2.2337720657413334
-11.564882015553176,0.4681252844948265
-14.450444495185744,8.626779550059036
35.182169386327864,10.250435016363054
-4.043209250428896,2.7664711834296276
-29.694986869990867,0.6312134421259938
7.170407893097822,8.587286671747995
-12.461441000502786,2.3764519855053035
17.603372479463776,4.396490170765281
-4.249611584511113,7.692492179214427
-10.128816858888039,2.615991263151529
19.10552238465961,4.355379870783682
13.15633591335183,0.0029186369925727237
4.8835141313833415,2.5627066670898473
-8.949708280297424,2.1651211274588125
26.168379663404966,1.8074525807212356
49.94507977741588,0.02048688100503692
-10.452405047450023,3.2997812359683643
-12.836405265135264,0.4173481428946407
-56.34556678647355,12.51887518497165
15.830292988604631,7.03395562681507
42.34871512824801,10.214911312691829
34.57304040052019,0.0014200250612598096
3.5666927943797955,2.9698651061676227
5.1810117123735235,0.09566246412939942
76.70528877655018,9.449408788287991
10.232257944462384,0.003977650743094542
3.1421756974423776,0.3563134556142888
-4.193703881408718,13.605204728823196
3.5401793285195904,0.8467869964057871
-15.555762702529742,3.976337784082531
39.25111766952099,2.235976357880558
42.79722613860016,10.259479242627425
48.11053482623159,1.1171017713309768
81.52948675010641,0.0009277315800189853
-49.185719023985975,18.60864113160453
3.3657807464012475,11.572479426259429
0.10443176840449353,0.28402091341103314
-7.010016166783723,0.2852424568693062
40.73467050723345,1.8218403135354093
-28.21921812268452,0.08217832238739876
-16.930777151496823,6.27925302535079
3.452947501323214,1.0505104008774777
23.98184069623858,11.076219529745442
-17.290979699355045,8.96855744080944
16.088744527138903,28.06328374136783
-35.28717367833725,0.6597006494155994
1.0242322526889802,0.2088630055413573
0.5601520926240704,0.1851812100897521
20.699241036411326,20.472255854549815
20.214248898154512,4.707978284625574
-34.08828409558264,23.186906518233137
-23.783304088323217,1.345329302600705
-26.48307574017765,2.717318983754813
-0.6074994657344439,5.361553675381398
30.30117050805679,2.0250494817519398
-0.30631435238755444,0.8298190352711206
10.05589882253314,8.443836567433364
28.969104879332367,2.589376357457205
13.09736052318154,3.6505211370883064
-6.303988948770888,10.894079874704328
-15.2643135691229,9.934825114896771
20.711784084949688,1.0512428390587458
0.8123851061971921,8.199113131383356
11.369047964989553,0.23828420562307615
-3.4776078394745102,6.889106449498972
-8.536226498804561,0.12053747593096974
-25.89412526652851,2.049339972666803
4.001742822733965,0.0766841113587241
1.3002641872835363,0.7388022923157997
36.368981125117976,2.9988734457711144
-22.04090286008093,1.0380975616811194
13.279321991355166,5.608359768137182
-36.580979778949235,1.8959680743033558
-10.483271440704423,1.5167425729338329
-23.517767537791258,3.7384637395802174
11.653311566604804,2.6998733030268367
-9.08056259797076,4.658698826499398
-25.193164019874654,5.258254761728457
-33.48417093298449,1.380595003146711
3.55034205862679,0.08541070527936645
13.797150616096369,4.551138477714425
-34.234812704084824,6.861142748555036
-37.20349787728063,2.029393732220898
-15.085860711913748,1.108026579675608
15.681815470477721,15.912528360030638
44.02727832712471,4.212531915553471
7.258283166842565,1.5514758807927684
2.704491722579723,14.262454046641711
-37.12105032685586,11.176861130756304
-18.66842722655603,8.451274803589609
32.69171415433626,3.326397506360998
4.978681531598701,1.3323190820520754
-2.2524775658215876,0.5341608647290689
-21.623230051143974,5.041199760419065
30.04467967521227,0.7969991009526897
-28.912621228160145,9.638136520876518
32.5705217864266,0.6978030852603578
-7.920993346547684,6.548090945481421
-17.287620874627986,1.5107209018291567
-21.777779897255567,3.0850805963228654
6.247132068402953,8.162707013434488
-27.065078573567956,0.2340851712856529
-27.345575104174554,8.690197103256208
16.537440473995822,16.65287990353339
-4.848382640925516,2.769985076842592
10.596402659472934,0.6562680057967344
-11.979791266827826,0.8435452737495033
3.424419440405037,0.24640285797203343
-26.899885835977965,5.964373102509263
18.30245643615952,2.614579948516455
-14.748226629325965,8.581021694862388
-6.31818530799965,1.2225416419621777
27.488466796511222,6.16279817602221
80.57454670428304,74.68390252530783
-10.10705716247667,10.439257256793026
24.227675120987573,13.539705013350662
-10.704203669606366,1.0471497250323756
-29.720396001801742,4.062975483246693
28.44336059681253,3.1960520265070818
-3.1523104433582043,4.341219545980655
-7.049893014708227,3.7190153415433183
24.223880151074233,3.9305797814688597
-20.680896519302546,2.163803102644008
-55.679456387710765,10.03693501504946
-6.017804033812107,0.25678897861106353
-9.69498318309734,0.9417987627844275
-28.160261860619794,4.0127375315800355
-24.35063183658364,53.223904059529374
28.4655028423365,17.79632530033201
-11.067864880247877,11.072082074374007
8.73144262147044,0.23058346019888415
-3.7633244909476335,8.475712205989746
-29.97698589365221,40.83777383238229
3.054451189527624,2.7640897939035973
-21.54758459845929,3.308420952042147
-4.506104688216917,1.4218217820491141
27.047492084267635,0.05503404224508953
3.2439712882902167,0.8855551258671216
-10.331779325063062,0.4225718012086857
5.442696333309945,12.287266653834823
13.780013743334129,4.197804124870122
-2.87493156226291,2.3406525022409066
20.507741354193303,8.433534995282775
-20.65791793049483,8.684336666670355
33.904110934198194,1.8702484394091234
8.68738509025602,1.3451890929204042
15.78596331410707,5.38814246941958
-22.787773106629526,0.19431780686508573
1.844798640743681,6.230015729040231
-26.048258378909164,12.579920340390565
1.0885940426179752,7.81218270874545
1.3869904143344394,3.4103311923332638
14.610121511478123,0.0011195686765088223
-19.505605282843685,0.7536163151734363
11.964543697756207,0.9040636513445475
22.27026734532736,11.346979636505566
-16.109390993473237,0.32445421507817634
-39.638380741089954,4.274577104636735
-53.2330320245159,0.8527686002746101
-39.75452988412179,6.056952310662954e-06
-17.407178104800753,3.658049321675342
-4.469502108319185,4.004805461465926
24.068814686736022,0.08254920493543609
-4.9991144818854085,12.489804247900283
-67.48231282620036,0.6511019467345471
37.16003349909598,0.05720632678211887
-1.5108658971754265,0.3461233034893413
30.467428676457548,10.17879350818182
2.6122542898975976,0.11179848389708263
10.53761358532815,0.10152264566690242
-22.159910727519144,2.1873288819350853
1.9296294425937341,0.7849644249423824
-28.983749140659736,2.880866547724282
-4.499175861509864,2.229191733611947
-19.25204052883141,1.9915672646200786
-29.680679027024986,1.1374400370318398
0.1937005032898662,0.5809394454951966
-43.4458567005616,0.0032288143159649187
20.767486866472087,0.48494395782697985
-64.59792397248553,5.819610113962505
-29.063491428369428,0.10536271138808904
8.108962696906005,1.4494678756666426
0.8725388622953199,1.591373629490033
-16.360253686220272,10.540365173078083
-21.319456425924994,0.1595868890744811
34.7104983439062,5.697262836536067
-0.7540232168771104,0.835545360871432
9.140010387858743,9.144167282427535
-3.2705271554029682,0.5824744312678216
45.52741939026165,1.0370317676170124
14.394242725638454,0.47503013628971913
-29.039939729316796,10.023665496940572
-13.202036880717552,1.1146482019173216
-13.510124814954205,2.5933751534214444
-28.709081183299087,2.804753474044685
17.92749664484997,7.724673163813839
-54.73659196776416,0.07266584214355987
-1.2075159808057754,2.2060259286567456
-2.371040386673096,0.07590759415654076
30.15975658145206,1.9382794241815628
-12.892303905057554,0.11491645326016799
-25.592313734929174,28.599418874531974
52.560086902989916,0.29446776450386364
-6.661092851057399,2.8859867816319458
51.14825728165268,6.776391621936778
15.898361109738763,0.0541188777458532
-5.681155760923028,4.115572374021694
14.166447396761177,0.7981177047760601
1.2260533076995352,5.499883779346433
7.909649083616221,0.05244453309100439
32.87574942636589,0.03289526090687824
6.6824392767992915,1.0215178176354822
-25.683105904567395,1.717472882340597
37.37115803434175,0.0050392425931290105
-18.737194057711672,2.442208977191341
-38.02113581787567,3.7629245069537234
16.818475716486763,2.728855636987467
-1.5028893795543843,0.8535898780706169
-20.41419270737263,8.31707657853825
17.141668002125886,0.198861103625176
-16.22503863137585,1.2123839689324702
-21.246780677471744,5.9522722396396475
31.028681074873266,5.235191475403546
14.93682470165563,15.863995339065749
-30.9499835594908,0.002429246525595721
29.878112470179207,0.21164534819116854
4.892514987820041,0.551720766491568
42.85302928583885,5.478525976245885
-66.47587756230756,3.967984547853919
-17.27540084183944,4.9084979920999725
9.186334039703771,1.7306868201941052
-6.072397177374123,0.37634789388277284
20.865714093486947,24.497358861514854
8.709136847137918,3.5659617635155105
-7.327278026878057,0.0003521985131018498
-36.77335425182296,0.855886324617952
2.2920018206425734,1.1895075077983344
-4.425234987213566,0.4990407831203585
23.416399269761133,5.296928556671777
-25.087778625857748,0.032133800911764286
-17.494429891318372,2.489362388832231
15.965287618706858,1.567636851630444
1.5311306873069463,3.4043679293697364
28.161534548491336,0.24168131253499608
-4.2913328486319475,0.6856522762101928
9.971980698351691,0.12793685199112217
-29.354902902181,1.5467462201597248
29.422748176185355,3.131375482506169
44.21863008334699,8.730066399775538
-12.183922935720899,0.032683010337598226
0.20740432370617667,4.156854172121301
15.580123497757567,0.3950221645019651
32.64666143335821,1.4923312062797824
-23.160786591334183,0.08776410480183772
-21.507270560355703,0.3932073765978724
22.516806744537707,4.05814485905037
-28.996740530284313,8.051005047529715
26.208368874672164,11.332326136103283
-0.06317624373228647,14.16794580886201
-41.94744990906711,0.008232544737064891
18.903832264753806,13.398499898293334
9.978493043662075,4.984789201655932
34.05607049059838,1.1608322005425686
30.12337996538601,4.167830501475666
23.520119558121667,23.3619537416816
23.364066655189408,2.5853959895328362
12.849769079579081,0.19831486074475235
24.197504272468297,0.14671173214796773
-18.85609466929513,5.918504845591568
-35.506623190429,0.35813900656894415
29.946637880279088,61.76553304419461
-49.95304273346958,1.9271387666705513
25.87351203755215,11.16420730434
15.27850661052445,2.0921681392411653
-42.13599578464571,1.644263316893565
-14.869415393353203,0.19784462706029154
13.953441588946022,2.3193395423748444
28.22450032597104,0.48330582084670637
-13.456779256721669,6.131790360276171
21.31296413195965,0.6754228804748765
-7.763689887653749,0.7127472260044179
-10.498875537931875,0.43281554659968413
-38.97751923032937,2.425867475616587
7.336250324370999,0.4786689037447707
27.95341480473917,0.6226909906867755
-34.61315685015217,0.2812997373327301
20.611263107061024,7.309609786467363
55.955963588168025,5.424769375352909
-60.761691471591156,7.191929180941653
59.98627948789683,0.05223916099843843
-8.141213967951908,0.05640190598094306
-29.749356272549885,8.098174844595329
-6.268160824400164,0.6989513502853839
-26.96601029168532,2.8591678493654253
38.53653563037991,0.4019470588951311
-26.580513303017153,2.3620351006604308
7.6255780081637194,2.256665981243046
10.075064594544719,8.003058873730826
-4.534019912651582,0.8828278288928888
-0.9613797813037002,0.5243499590979259
0.6821993968009303,0.004288429365168347
49.19217496391169,3.4419862598289686
9.163454366514165,10.470289223956295
-11.741056602015826,1.8332182780042454
52.38835037299335,0.7308035917849586
-14.482218667055045,0.2344185655409844
-14.413390262224455,3.6671808281831533
-43.262719554894694,0.8946677332215089
10.57506578863883,2.708782516365857
-5.121863739016797,2.7893069941015503
-7.155617636738592,2.055475947787233
17.011839575849496,1.6271037674730635
-4.333726367370369,3.194295362680075
-5.537601512687106,0.23546931706472177
26.14217154094938,2.9571915306225685
25.27463659702251,0.8376177527975146
3.7764354157333653,0.0644831888499827
13.10246783428689,0.007920767457780756
44.774277902437255,2.7897337555828794
-51.72361600704043,6.608436710761542
19.178439910774078,10.745793794993832
-0.9488389981766352,0.7216318047399911
-40.772971093796095,0.12297954533279501
-26.41264527637526,1.4375718503776187
2.5904264259800325,6.499794353906791
-22.972693786456187,4.539936001874863
32.026245290534824,16.996234935581413
-6.8403280003686096,7.239503278222705
49.30517829013794,24.90519664432636
-15.454259747607773,1.1467337466663727
-41.511826350193964,14.57228231586693
-5.086236264864672,2.688661092634237
-21.42865630761882,0.741986862030515
-15.552357217775986,4.134276901088162
52.26420571414686,4.985586504271762
5.031065212254665,0.6781321080855156
-13.246035327298992,0.5661615435781109
-0.33335210389040015,5.572479417231759
43.24591441593977,3.9378234629724047
-17.808046488550968,3.0864515886531776
-31.410999676347767,0.38235283511214724
-12.614581661674416,0.9434868402063591
1.2048899759967264,2.4335061803122406
12.791341708981937,0.6487869090677376
-48.354662342548444,8.117655351663183
-5.439783467541853,8.971318594389803
-7.272379188752739,0.6885258776238214
-18.884230965382745,7.76647217752626
-25.335181052271576,0.4551638109410839
-7.991579920578554,1.4943577557558356
4.403581055003391,2.057087435423091
7.611414638363064,1.2228060340034084
24.57745718923714,2.738151276712175
11.33666462837967,11.983988322454103
12.596276201579789,0.8650312459089848
5.825079241245893,0.9779488237498506
35.29350298559333,12.930315834104269
-19.494502596264862,1.1192790771957755
-38.64426007741444,2.350371693613951
31.798017754816687,7.704815369413356
-18.375214790579133,3.025672950534932
1.052945326311734,15.49747088807
7.935000412999122,0.11505555526535112
-26.594338577915945,2.7184722885712125
33.4607210803615,0.7038832719753337
-20.86505802210392,2.6126043410679904
32.642355047405054,0.8155653648703677
4.496149054577208,1.0422143769988121
-8.67950516264265,4.580568246016688
9.852471203193778,2.727298794648042
-5.798036035333448,26.31209709171347
-52.741832613069654,11.96430301313149
-25.133624411639442,13.837805095024942
-13.132818325584688,4.250608209164603
-28.69125619144266,0.1907423823094449
-23.179236155649004,0.2517571096305183
-6.3738426097529075,34.64682421145387
-22.53965214081192,0.007542855040007363
26.06092208359576,2.184717203196631
17.47599966453409,0.2823591048882188
5.745979491078563,8.854081373791956
48.809646690831755,0.3922616788174034
-27.574127272875163,7.203010124892445
-25.705561868594867,5.589788669483838
-17.215389630539317,0.7885846449677569
-29.358245402486215,6.355289721731769
12.943321692861636,4.27603464195511
-39.911698772276715,9.270031455233152
-10.196497471139716,0.06128450332167724
-26.460758422787517,3.7680225053528837
1.4525398360838027,0.06838997143212142
-15.75123929037944,4.487383276074443
16.872642831657533,2.232065539456085
18.80721681356359,18.900285626147465
14.486843141150379,0.2786849383172115
23.69857540315404,5.695738825948611
-25.797995513580087,7.0295301510560435
51.82593459309165,0.1513479459785037
-30.302904684206094,2.2441440329549502
-27.48827672566507,0.7346659552167428
-34.91123185763127,7.091557478019381
12.276883989245809,21.169567074005776
-16.0120792118153,0.6653356096373916
6.977141257675447,1.0911201632327088
-1.664358980150164,1.5148159286408673
7.038178411770039,0.43619705699255673
0.19279074281043562,3.3774518479550917
-28.82842825346368,6.870199058552636
28.759596063426,2.9098407675895075
-20.370342140353795,0.8132871840888285
26.858641981369917,3.243758108050627
-6.567526742362228,3.5377818746605415e-05
-39.36859107681668,0.5432869552880589
-13.385617982510846,3.637767027691622e-06
-27.15674282153496,2.988028816872526
22.410412806566615,0.47211295765346806
-9.474159604281263,0.06040135860034571
-4.0105601574329,0.23344120291053727
23.7468845447889,1.205263943790041
5.629762163768154,0.15178665029839816
-3.428728989877337,15.495390964398918
24.607276533889635,0.6594003116747166
-25.368641416877136,2.8397509197481847
31.503376811165925,3.664767956294274
-2.3970506148068313,12.83780112747899
-0.03254923293399714,0.4418834003909537
-8.423421631098018,11.89721214652195
19.587441690317252,2.1177306241723404
28.558143796902943,0.13240871838375048
-18.644841560402238,0.05363836993004519
8.292292213699502,14.352689645750939
62.873818511996454,12.797870469512869
-11.938951981564381,4.062403684378575
28.838910805072178,0.6306562376863704
7.707703842516322,2.2524113741756446
11.632450184530333,0.21747433304922847
-29.546437516112615,2.001664776203561
33.127185758777465,8.569448070743993
-13.207808620011756,17.03546816853134
-8.247471394942417,0.2574185968607767
-12.177270503821129,0.04396408208716504
-17.099590851936977,0.07049985788323364
-6.67597840026003,15.805394575993157
1.193674458347578,0.010980191325201366
-39.39781658027815,13.196038187945529
12.508716687809189,0.0010943083457292464
-24.181848683349195,2.562688835937211
4.7266952127073605,0.7738535901650497
-31.337922127135737,47.45424948524687
19.062708222543296,0.18884979948270258
14.158520210474668,28.609615690242684
-36.39172554575581,4.10018546234476
35.12341634373521,8.087334575597689
-32.93472639960801,3.150675981510313
37.96032384816062,4.680854419226293
-14.660383633265136,15.5352635357321
56.77319243004195,65.38550797613641
33.56084041861501,5.211154100401075
8.451366630759443,0.9132401471346875
47.65834600754484,0.277573901865028
-5.725666378295196,0.4226165893909802
11.521796521225047,6.404442401844716
-5.8990360894776135,28.785393739644096
-27.995942939694583,4.83369340880533
30.153711947988743,3.7296200508100323
-14.071525206356833,0.03629620391489753
-17.6792483538495,1.4754993825298723
32.315807381032265,3.025708767002035
11.791546057287631,0.7726807149920158
-28.9829059851974,0.011205422434371856
8.4893226233,1.3448303335738678
29.452017345145595,5.556775614428334
-34.66364585707699,4.460072228155154
46.72456372296889,4.670457133336238
23.16677302983341,1.3458918695992357
-21.46850310296018,1.612162510865346
-19.419173009957984,0.4069335532130231
-40.03842351284337,0.24018171477070374
-5.840525298835198,0.46450040859569675
15.493289883372105,5.4224033031032315
9.750008905773731,21.814608812372082
-4.617415683130099,0.8472047902661378
-31.954472731726252,1.3713301287454736
-2.7635844231504425,2.388992929960622
-0.37916457658690406,4.187072338747694
-14.197928998413923,4.540448936793344
-11.549430161823546,0.46585245509023193
7.876680170707223,0.00697282611626615
-4.31292301493472,1.7632559598379767
33.372848378272714,1.183434395522982
40.34382441939439,6.869541963846694
-21.15880484370943,1.2911708795818997
-10.172630015262778,0.03524685396252216
-3.0762130478064,3.5623065084527594
13.00738575452859,12.201427941918292
-9.514061303385782,3.972045991360477
-9.791037145293734,0.1703110138099362
-6.608679502512169,14.900317104003626
-9.844814680050002,11.544818583382899
-25.728047484730507,0.898704626204858
-30.00155242908526,43.02055426381509
-18.332386747417825,22.552481677444284
-0.018337823410414567,2.6322319531013196
-36.950378727962494,11.515739596381929
-7.796460901012599,0.6347655096910144
10.5644019869407,7.539390554846721
-28.069473036639902,17.71457439646352
25.589744563578535,0.08871917075155607
20.183970387496647,9.724521697815172
-1.6808044069705466,0.11427877066955108
15.42245693788461,0.19498963738656808
6.309597963151381,15.218292302121261
53.5190870359693,7.901494919238491
-16.436737157781263,4.111240857113168
-11.84339947586579,6.824704270135565
6.623660890520844,2.0535252200745138
11.900635458224793,1.763087643601893
-27.53252346307765,7.596027225042469
5.156924161326051,0.2150389442330146
4.622137361284635,7.029530446033063
21.25045286307598,21.802257637358657
-19.714214777731005,5.19060675403793
-9.541506359930404,0.9007355639992282
26.92516481180714,5.433140887313907
13.210217690417542,0.48330977595639085
18.345639109726154,2.8861644314724186
-53.61598682462685,1.140882450901154
-26.20200169264889,14.762474606462563
13.712632335758732,0.37299264961276835
2.8383930684695624,8.657184642158548
-17.00716321342828,6.293307393548639
14.840993704768513,1.3886277786121066
20.523766031820475,0.22835461955984487
-20.866103486438515,0.23572733419134942
-6.067475172110713,0.009497648604499684
-61.924662003830214,66.14140821228922
25.04136296095682,0.710630986987567
1.6691657989903967,16.502592465193178
-8.129114092973632,4.428384834489529
-11.40237100020722,1.2591897270741794
-23.277429806488993,0.16885871231403357
14.382474942357666,0.27811808442271546
0.18423950024381042,0.8092826707214349
41.30853362366533,6.489060215584862
-22.8706237392564,0.3473775056345555
24.681994721494835,9.076559204997709
-6.549444324758079,2.508589730933312
-11.056509144245021,2.3584781048491887
9.570512592586644,4.015916612270323
-26.953382113804746,5.22351889588962
41.292836513285884,0.2323949042661389
-45.34064349949998,2.4266419400731327
24.281960775256056,0.05847055351182674
16.252699911766985,0.4660329411554501
17.120031967992492,6.686111217740048
-7.366946272977296,6.2896636742590335
-15.288367376952552,0.7287240824520866
-3.56063624011737,2.4495005800389302
29.27213954889506,1.3979614386879962
-10.417519418766725,0.13611845093663066
39.06689038232272,11.147386541113107
9.14455750943805,1.8681378323360887
0.0022975953399162474,0.02891036525807332
-19.58465387542945,7.194548882251581
1.7812224425043277,0.0010328747966370593
6.637721903132634,1.2267466144853252
-31.80066019908939,0.4633428209536493
34.25215424613702,4.970480739041421
-30.041440139531783,0.22711729287454466
-26.535502691212102,0.5990515321873923
20.386697429188565,5.061499790874349
-3.5285061443642096,0.008699404075938211
11.751057359809257,0.8855014317240717
-13.017533403306155,2.724907355166301
13.254873850444389,0.00010707850179618557
-36.1923065107757,1.9959833991420846
5.744641157677185,3.1461167972492805
25.58266412589497,3.3833392134476177
42.538883731476254,0.07444544602748035
-68.19642800134334,0.18124092128671412
16.746375820066618,0.6671118530135944
-17.473560958597556,28.923511647166205
-11.449955848234376,1.6578665536845592
-12.981043320277857,7.467602746291669
33.36147879691864,17.396147557980857
-24.047000594302244,0.3576115623006581
-9.02545400466125,6.833495428363223
9.261489877330623,0.1521071415743719
14.348654311706488,0.3760733100939058
10.165040791281646,3.852987308231125
6.553799214112521,0.28439130348244873
-22.365860817014422,0.00014605919511390456
-21.670072861987702,0.5493833642773607
-24.277504507075406,1.5949630442451896
31.322986065898863,4.396314732009182
-4.9648781801502455,2.09187190384328
7.891849851314182,1.300112123288745
-0.2633625443417691,3.9146349975912544
-8.162820293073347,0.8964110857873709
0.10548175698194995,1.7540095517835108
10.839607809298334,0.25863751445020633
-9.816202630376873,0.8464078831371914
-28.523176506775467,6.520233388749014
14.311067040315569,0.7268416606312454
-25.677259211630183,1.4533190477184423
-42.95000857572267,12.314232860151575
-35.327905216408716,2.3027920134832764
-19.415791951851272,1.7634575863768684
-48.16038048260595,0.297605397788441
2.4624882796386967,0.0017829745120106317
-17.590185819304264,0.3645249048606568
-4.754178124986604,1.1138953455308636
-28.089314650133172,8.03315432947463
23.34406169904084,0.2477690598568224
12.938797846386043,0.014105762485471345
50.123845607435065,1.2802609153804783
-9.655275944482836,0.5124977788908464
7.5809762658982205,0.16183350700180088
-29.34385547535525,17.39620854346809
-35.2863203068296,0.5436024190885598
16.897330133829247,1.3618732965663276
-1.2478515940048658,20.93383714207775
47.98607676133562,0.763081936609311
-53.060477411268415,53.79217098967377
29.625592745234247,12.381327601227635
36.22190624638467,6.028044046310673
6.891321583520897,6.949055317892713
-21.090304509478923,0.17326246125868833
-7.861770273820904,6.475758783061806
-0.7159916923101923,3.0517938422528736
-50.196698855703154,2.453856259321153
24.47254587051494,0.1096773364921128
42.42622477568218,0.6768734566557884
20.907215238862978,1.2579726273615863
19.167985294962296,0.0025757881853680025
1.3091474310141018,0.0007141352318800317
3.1813435574250573,0.048267233954528865
-52.143977540735854,0.6034133319815365
39.28009865925119,9.663129883543908
-16.2386250071818,19.54602711171054
21.33567920118171,0.4321027351783868
20.074026142747233,0.03397214571459209
11.508486203703745,11.202711115598593
10.922482125794295,2.7613097344824973
4.684768899766004,2.6232116854247107
34.572956550107556,3.854538060409477
-19.285725430965282,0.4623091304799812
55.700393258228324,0.3631089013772716
22.676053598439527,3.35223648551204
10.397936998750046,1.7851535805893721
-0.5935215810789123,9.482490843621516
14.782336256503944,1.4607033891730643
12.867202845544645,10.946911771792566
-12.265803844110943,19.983275824600817
-26.20432738897179,1.7023879777218063
-29.354057868739783,15.701003266168042
44.64978409757773,6.067297349335363
-13.258058017760797,1.0086508998627122
-27.17246420141448,2.123275788330145
12.687798747140851,2.164565377722323
-15.732831622044083,1.9743725429665613
-22.780085406911024,15.05738128225646
13.551815691064652,3.2583306644944168
-23.10374733823748,0.020248559971434904
55.54247751046588,2.5811185938513614
32.72257097991601,1.3694883909798938
-53.687736822024625,23.119083673895002
83.92945552448505,3.0794717154386846
22.158949310391012,2.2505180772995277
4.869951355071825,5.39434884949301
-0.7946234891413531,11.95280788190232
27.594304403823816,2.280859079865663
-35.62264091536074,16.578725537818283
21.87040659884595,0.3715923581107165
-12.896067562690627,0.12114983960542937
8.381973140363888,0.5393238371940582
66.34146192240765,0.04505942702140877
8.153507252139852,9.017456176168006
4.471029608851046,3.5812487615777755
-20.941150641530722,0.775993511155877
-49.577783391963614,5.357504189966565
-23.791609073433175,2.912679423106016
-17.303762787946464,0.17727079918645305
-2.2932038109098176,0.08596296499985974
-41.25210332168272,0.3571852628938026
-29.458673332043457,8.743704567915822
1.5922369762792152,1.2594637507379227
-18.37738254637487,0.4530495394680577
-47.923867774523536,8.8935848093764
68.20644008928305,8.359653187640408
-31.86917421591725,4.766259386650658
-20.420437462738487,3.0768154609825684
85.2510541374373,7.284120915806278
-11.995500580515435,0.5814635857660615
16.348742468658845,0.06812296632675023
24.516169741406163,0.002259958647600439
26.94177338389439,1.1025999846464518
-8.9205451342739,1.073575663878851
5.89571809932024,23.118880370159413
-30.718563493102163,3.682438234686601
4.750214711420076,11.217011099592582
-39.04904239645234,5.1429679775244415
24.868350056736023,8.9022534762199
-2.7148390626390952,3.7458271886597654
-1.7633151750587308,0.07723533272419653
27.14417566118313,0.011590598043299588
-4.5981782738926515,0.06293070909606746
-19.756240473038087,5.795712070735893
6.321053708855137,18.809424637150407
1.064777725365152,0.39267997319613346
32.12379111298778,1.966213213818014
-20.942464452343966,1.3290022975229643
-6.781194764387047,9.189598055092068
22.004716243409515,5.0168870122321625
4.108406468795598,0.3824766592013079
-11.70906743191377,3.5102519518261217
7.576109267953475,4.514421727061126
-32.03877576474364,54.599243492244184
18.34009807202138,1.7461910249664154
-15.89108756167702,0.11671987530399479
-22.123804586473373,0.008490704382858759
-24.939530364073715,2.267919463704135
1.9079581617239307,0.05017136240269694
-35.82006966391541,10.114781130466302
-0.4574706767006467,1.431907259898435
19.072973363799424,0.3009790991452416
24.764149638351018,1.314152258595608
-12.400541214907074,0.29733767565156327
-6.030509265711055,1.5683039990882373
49.2410071965319,3.067555485449367
-8.50053994425546,5.76436904818065
-2.295896679206729,1.1633700969986687
2.0428490387638387,2.7271767962634805
16.464242732964852,1.6334364114662465
32.86903030165396,0.2102456118101276
12.216993187578685,4.800916643841751
9.80115718773134,0.006290447061966369
-6.326479613053019,24.847716629926836
3.599494499102663,0.4279132685400367
-39.62916835942929,0.1773650414894734
6.6732752651250475,0.49360884133198357
-3.395237716651218,0.3095478692715758
-16.058727734631542,0.1406853380518345
0.06326844110690444,0.10556490893046187
47.498374801343765,2.921240533312744
-13.124644688300956,5.671000094743882
19.53296834812257,6.6215095592681115
15.13132557386397,0.10402860052729841
13.697492080464448,0.013811500776664154
3.1487468603616175,0.9138820128178774
31.079816393342558,4.630581823224073
1.610475707833048,3.2650897785936857
-39.061090904757215,0.27879057453412476
21.964163491703648,4.183747238085788
7.763498885619091,0.1763378708561964
30.847762770246863,0.06866543006472658
-37.90979918534621,3.15453285224169
0.9120986737485361,5.7549743738183246
-15.302766629747731,0.03147486962566071
0.792186134360717,0.001989918527305581
7.357756883262615,2.621364039499912
41.69659320040679,1.8245075843135863
-8.857060581298208,0.2979498395044593
14.685128265291942,14.281710303954714
7.296155551548571,0.007181686873988702
4.615803316012679,3.4482076533234896
8.075493034396535,0.14222434032121534
5.529185996020312,1.3383351340260727
-37.76901568267974,0.09159436437301376
-5.184627641998455,0.29698562095746356
-2.381238300931452,2.040061237839732
31.834612410133662,0.07745095385954855
-1.5770712278518693,1.6186925033017663
14.555006273489587,1.0635126664208512
20.242073121768488,0.10299622484722998
9.484068673674392,0.07590976992519255
6.223261355469978,0.5406974780848384
-8.949652542275922,0.592798328445454
-42.439969227870996,0.06413694764947134
-18.200744498009026,21.653512312164434
-30.41135798657295,2.754599985091973
-11.977107371210765,3.117257460748913
-22.22365547910628,10.703287077065525
37.18049523261899,9.9348522454933
3.5917146215054085,4.781513117406862
-30.642283011671946,0.20084949072520097
0.5069038185628381,1.8190121881425463
16.779082355191708,20.029036612481978
-7.092466469006277,11.543950607000305
27.768043859531378,0.21903134450598424
9.536609597236199,22.420893604666773
-14.062349094560867,0.4227620591890719
-15.058244071946698,1.2964827951852602
-15.3680770802956,0.6959744811063023
-38.17590970723612,0.052951721531901044
-1.964655283849739,0.10304159602327262
40.98670515987353,0.22329983542864576
1.252100589316276,0.8428032110353008
-17.027536281666883,1.0042515809162327
-24.035413404909118,0.5705599553214126
12.296294426394388,0.11424907614585769
-26.540604007255308,4.619793906645119
-49.469489348418485,0.4268074839474578
12.634929964777077,0.26295519504324516
-10.349743999220275,1.078442214672423
-7.914021619932052,0.1886483350359481
-10.052690968858721,4.857913424740519
4.810895637252278,12.677172492526905
-21.347386472453348,16.22536980205807
19.98843012419721,14.502707162710475
-0.002787256707799779,6.579722857549605
1.960878909243332,1.2096436645151518
24.930784807273387,0.5047201205690421
41.71631033279635,5.242132560424644
54.43530411812079,3.318807256453098
23.75587766143919,0.004779176246471444
-23.1431467291254,6.8526373086189745
5.577223780237238,0.41811340984731316
-22.74376654126557,0.969301178898287
-16.532060219418252,8.360353496876608e-06
-25.52662152487464,0.8028624405744821
11.40539324196529,0.23588493738432326
40.966922816070415,2.4048719109011363
-1.7105076057447184,0.09369998639272366
11.308175166947612,6.33676324354612
-16.461098962106615,1.384225676190366
-54.48834502122404,8.00487933957316
0.680177447911509,7.907592321690784
23.415129107268466,4.543389988180717
-2.7381716940109673,27.611941142614562
-5.6888859546446415,3.1101560273022257
22.45634123537412,4.763780049130925
-18.609017751987448,7.04993449848214
10.545004688602743,0.5114903976538556
-12.280217019724043,5.221325225960032
-9.57179666770646,7.121827225274341
31.626843806151943,1.6383904132515916
5.98625809151447,3.9531544271675734
21.278595388897,4.474403270067676
-11.602081039320149,0.04124001250502342
-3.897847236958663,4.718735489955847
-81.03754476615056,33.73777984638469
-9.185842189508444,18.780634715033763
-0.48448803949076535,3.1967131626441856
-19.598979906744336,0.6172565417536185
-8.559828571776373,1.608314912963908
21.206556169436073,5.76831588477977
-14.21342831341474,5.275319845186587
-11.727964790152877,0.2748892531978551
-6.50462382908149,12.251938291127018
-18.266318263176604,3.68612766278087
19.195945871915757,13.70547069135819
-8.444002107831333,1.6282607398538584
-6.698542444132764,0.0034851064607015992
6.471539964558437,0.12378058534343678
-40.84790773313424,6.532430718019124
43.93067390373309,1.0817593688255602
36.11048012650861,5.601995644314533
-32.55467074315741,6.40641725184203
24.19599979163583,0.23635983959385545
-2.4378237409866177,0.020159144577203563
-1.1773547737807724,0.08203302323676714
-25.697858223177956,2.0246225984147728
29.308242575267872,1.2341362958678346
3.3322585465473846,4.164689520531693
-3.2086352736847434,0.7130957413087149
-9.309019247232564,8.298535466166236
3.185471612348456,0.781081397987811
20.00014183351114,0.9217762209197083
11.103410497709737,2.1585130330959172
9.284418229862126,6.476824260971894
24.708517041189356,13.707238643943239
-10.639641147977558,0.40754165297606315
-2.8711342601611936,3.7811872735154863
-8.401346716410538,0.5494937664098306
-10.532015726392283,1.0534300136815755
5.351991334592006,8.333135797009758
-21.821023991141697,0.3214660714616035
2.2911374109196654,0.05734582403163828
14.502966862229377,0.08555870820876155
-41.32979423727458,0.17760163134769757
-1.684763995380232,1.5932581667122907
-41.26550017865706,6.609233887676917
23.491811038071365,25.01251110742389
6.167788622411157,0.3155707682858223
17.981043800627067,0.3104203263091262
43.5914643627525,0.16468790696926824
-5.4220898144182375,0.0017698354729017395
9.82961059430905,0.01873295663123254
4.957976504833686,0.25881953915074785
15.119047683989967,14.844365839588962
-10.872555749667578,0.04751435949934365
11.625559811080057,38.648259213920056
51.623251690132314,0.0592809933109139
-6.508985650805885,7.358455137052892
-8.547421340845128,1.8832012439675967
21.470027262112534,0.3444334951124022
-23.918456208614867,17.613202152744435
38.00611479225878,2.2404847550381137
37.34951488238047,0.022400427587186793
20.903939890039187,1.1580170157006489
-39.43563766558244,8.419701025470463
39.59767742746342,11.999861693153386
-19.56907906415859,0.015194850979747907
37.53586509857771,11.690513431158248
7.342847288022218,3.393364892348062
26.55645335818021,0.0018133353662187729
1.317056489928495,0.20835256679953132
1.035185575550505,0.2951941111917331
11.997071444248908,1.8608172220429324
-33.38317587948993,0.8834185714273313
-16.803272384370796,31.715209277713818
-14.893166136506304,1.5330207222713679
6.388358453258203,0.14490193825936193
24.564552708086143,1.059168232363917
-2.3554762718390894,12.592319110508779
-49.47147844074036,1.0543212669575945
-9.921503136666084,0.010921765161405242
-9.345203003507796,0.7439474424387698
22.22524772050887,2.3450838743598026
2.902512608413778,0.23157506564944563
25.525272064266534,5.443685215250817
11.401333348110617,2.4656980880283646e-05
8.484282126399782,0.005154288281623622
-44.626771579864204,0.7643551290454914
4.779177164981851,0.11225914598886708
-52.93383725101456,23.967670971142656
-36.959565382736265,0.4725512909177502
25.22581985800578,3.219439934246493
27.25978300065943,2.1599742114470097
-2.119196431280878,4.699778034441462
-19.959236941918686,4.59999445343774
7.938564640423776,0.26966826492983753
49.86801258425427,111.0206025228391
-14.994229917062478,0.3440703830524953
6.888684546024868,6.140269086512678
21.94797586173807,12.075751723465055
27.766758482105462,5.57530544287157
-32.35903382315062,6.8185896143590865
28.328670749471616,16.668944272993972
-36.19957507496239,0.08603440578120232
-20.05229188927309,6.74293133149082
31.241311206746065,18.192646084529272
-38.66264355462531,0.0594350316069097
-12.399050389349805,2.5639180633236562
-7.928047720512886,10.591717126867294
-17.123774649178113,26.064643505973006
-53.081582702175616,13.371033520325863
6.56640865100368,7.206136123256562
1.9439817777898918,1.0334921354514204
-5.491326138674188,4.4814354080851215
-37.53920031067779,9.552879086833608
28.535404392046917,0.08226105373137926
-9.040820614287933,0.0035136588835965356
6.785282246372892,0.22733055023799445
-27.788815151286823,35.173180755357
9.063468234066084,2.202625894934169
17.07710208290543,0.006871378058000235
-5.88293584151581,1.3338590832496424
-18.381313950270606,1.5805322754375093
3.9563062876429154,0.04052306994003219
26.84116661614748,0.5776742610426047
-18.676014432103084,4.333996866584507
14.97773103107854,23.199928241448372
7.4038556355070195,0.11797696860885831
0.25404435492499444,0.3205884695663407
-12.919565554928107,1.804089143632658
53.47138772469744,34.373892334749726
-25.284994880348098,1.9837681863854886
-49.37897614419561,0.13260112780909764
19.723805441525275,6.67630189834014
4.554086101329139,4.945842098802384
4.621147298651257,0.9287840219037174
-45.43862769655241,0.008387562817293292
-8.864263191485074,0.47657490703626126
-9.11473166135958,3.4588639867887423
-18.321077530692644,3.30440373871802
5.398895665881417,3.3839721305540236
-67.08921645754553,0.09974067985701039
-31.12207755560173,8.187637197634832
-7.30093882916743,1.7513859795866398
-14.166986177179762,0.03780107461736734
20.05135646804762,1.6279408911457458
7.855795989076162,0.7541779190359402
-14.442156491257643,0.23130433156463026
-27.643987494819374,0.0003842656122448196
36.61593273221708,1.2541645843164508
4.721898280470077,8.818255714222952
-49.8463446944127,0.023097236457617146
18.098661622121956,28.024599572581785
-32.293235031908274,0.00326755674948373
11.94511982643697,0.03253528828462374
1.3440362143544087,0.1520191951527021
-15.86758618742949,1.003678665257134
-23.48622715840501,0.6074976511611961
30.56226800797244,0.1333118619861168
46.10562186158585,2.141859527878382
-35.24813681044018,5.892667622965619
4.887402421063674,0.21702461228236872
9.55921578644015,1.8315698623930556
-54.08950012233715,120.07377721014095
-43.103784216886005,1.2038920254813852
36.163913189932394,3.323290954288783
-5.997970610638825,1.3092884544943337
36.499408645538345,23.228862946857227
-6.74623448220232,1.198260196016064
-18.97923154556541,0.008892953439556423
27.235596586157858,0.030647876586805775
15.724263459073105,0.09518980344907702
-0.26033166652361417,2.5367206984553787
-3.980003719172979,1.0991206552273123
31.551493869446535,0.8771822880908045
60.22783843247091,0.005246431850686785
-10.243660868985026,3.0855026094436826
7.893025332682546,0.0031127084781360833
13.21389591726639,0.2731352724735817
60.92196879060341,4.837482339051419
14.52326095918007,5.244742642662533
35.8696135603175,1.8114299613699463
21.58420578548085,0.0065524283391962266
40.97308099113845,12.585524332361349
-16.91728830509675,1.6067767150209733
29.444030476532948,7.43821266193564
-8.124379667834605,2.833171379325584
22.86309428406646,0.007884748617611629
2.1369908721320794,6.100310748793784
-15.538825180559238,4.465764304721701
-0.7474560228632348,4.732525099203196
23.137277616175655,0.004172261350825935
42.201346485950204,0.11290396454893015
7.810857543000841,3.234177612966893
-44.98030809688428,0.03929199984011362
53.6198635432498,0.08473775387481283
-3.1460905780646247,0.6811603946428629
1.3336256778705626,2.5684993609350655
34.20422152318266,0.9264698975981277
6.002960184853668,13.367101255582593
0.4460352125030249,4.310254554021217
-1.5736345597017964,1.7974496881213473
-25.090384138208417,2.0111969518459873
43.834652973252524,0.8148838263731836
53.77265278319256,0.09225400482785029
10.448905171878058,0.06185836151554613
40.74469165657782,5.488246818856211
35.61233629910523,0.29695325751043794
-46.70898872668025,0.3609523898931487
8.634868544409368,4.844426482037227
23.23206210758902,3.678440003938021
32.582370464821146,0.20593952198806162
-7.687474005783956,0.2897556123198918
1.9850687833494953,19.074635239731723
-29.81487998131298,3.8119566890077685
25.082569235070952,5.466932063385521
16.988326575161995,0.14147053366032758
41.68220499907057,2.383333397513732
-3.2354190426210696,2.3188592487178425
-10.566923392421765,0.3508685765188792
20.481309798933427,0.01593687090911128
-1.504244877019952,0.019275031015037962
2.497995093494046,7.870637289971906
-15.377660360359963,1.454364416579649
19.438861722287886,11.34037031575467
20.985253321529452,0.0020017253142912963
-4.331863425488033,0.7352740774902023
0.17587482431226475,0.6834961790018709
12.128244489793145,1.0824017605717449
-40.485377448098156,9.656406632361275
11.052009638957392,0.24970400060264664
-7.045427178692174,1.8127767409722986
-28.1987600019966,8.364195513634092
-8.02981275720712,15.108669437308034
4.8072981658021,1.0691201369786878
19.79993913932747,8.183289814095371
33.39909825716301,0.3062395974765925
-22.793334484638667,8.080905739674423
-0.32541690975569737,1.7893119679626468
-25.14607859706511,1.105968091813624
-19.718886514440186,0.025287040679910954
-0.752206013416677,0.0005661763311051285
35.57868389986142,0.609475168940699
-20.899166935528296,27.99529704766333
-46.7382328558899,3.934532205779525
-16.955848519453905,6.447025391104133
-42.01631659792148,19.575018499414615
5.922173654942261,1.2091640875289345
-8.75679317891352,7.8445068590389
-18.039847427708917,7.645620081723703
-8.472411503049011,0.09247134121166825
-0.35099564860937904,0.034916485806387475
12.814034776011217,0.1954807474915873
-9.246593705578237,0.07006743384557493
-29.628051131493446,0.020264265523578052
38.269809907382026,0.2738253928571246
-21.835443188628044,2.0219721066128944
-3.289252872593929,1.5311275255203247
3.8820786084584507,1.3833286705156944
13.510840216663146,7.8304727472280815
-10.56321748837241,0.6764122295014898
0.8299298509222177,1.2544742640174622
38.33104205435219,4.758362595710563
-6.266503339271148,0.2946041991410651
-19.738882299683024,35.3104655786649
-1.893911278489137,4.206590888229403
47.6561473688466,1.0140546238426709
