prediction,loss
9.909317406789409,317.50618903900875
-12.780199055320441,2928.8028555143537
35.115502173447666,64.29756431439222
45.88414681895482,4531.41588253675
-6.510558371462782,3002.418335732065
0.2362505964714039,5781.170179277174
-55.8363945949754,25.577054470917428
-19.72782559556639,1409.3405259131403
-2.943568388503895,0.021855884481031474
-13.240300675466177,4678.614948943859
14.437296556668155,76.10182577567605
-5.058251471677028,4774.477887207008
3.898525019704987,291.5105355400505
-0.14280849198735623,165.36352431417313
-9.16883373971989,394.6555166763212
-11.216231749178501,3536.9807499002472
-33.35039422094566,723.3656735422821
-59.934585163900024,16560.466968962828
-44.75790407535568,48.30368071742132
7.664111438898299,604.1668624179401
25.400455646658184,6567.137686900062
30.606703300617635,442.28343320075766
-9.718122352552786,4882.178380331345
21.705921948532488,3836.9909245485446
-14.840669025619418,3266.9798538609484
17.006367711048252,101.15636015504215
-7.0954532031245385,306.0850950182004
-86.69259339483109,211.90767197912407
-19.552638734243676,1369.9252163525075
10.104423985654062,2026.437229292734
-16.279624107946365,5741.321008064861
-30.27720685934209,28165.119272962886
2.0720311976436356,79.10837551959901
-6.635344635513054,11820.056908312588
-9.686008007724897,798.4910481140646
-0.1143997829224368,3495.602964321007
-5.999097651225686,16065.480754766302
-13.422612759459629,3165.274722951361
-26.334816163005673,2424.460148016503
-5.914317393701044,1761.7826582889888
10.96564627139578,667.0400647097595
6.520136814739299,216.62949203848686
12.202110567699346,844.5180674297278
-17.553571863890188,3924.753526928502
4.4249017177875025,2321.0567140096405
14.556641006104524,925.3667586059205
-6.543963844128594,4813.760425252898
-9.16982892112556,3516.871274820859
-12.31058361137885,18657.72301634375
-7.791064507328276,1773.6698569719244
30.698555729139496,1115.8337235601023
6.366946357460657,245.32978789901816
3.3284902365147495,160.4528834548985
-7.7892253481515645,1011.7404596866555
-5.82173426398602,1384.58240140088
-17.71404393195606,129.37573068482598
15.982096113949904,1849.690758158327
-26.020712160106445,109.81930800232097
2.7300719098572515,1991.6015067632352
13.508165926472127,899.7070010813859
-33.04190671450114,2813.902293225614
-20.513144821769178,0.9384739880210197
15.19251835010213,51.10045418857705
-13.660040628444381,1294.1223322685928
-6.246580052526529,58.491935467580646
-18.833253206818494,957.2295910297988
18.026454124470643,928.1635737166712
-6.730852722525146,3974.3747323019015
-57.48856728246507,91.35534588888603
4.546815592409036,7488.835075243466
-4.457028134121959,0.8299187647437486
-37.13374190320771,178.8370688484852
27.59329052090906,2569.3223738032857
7.869461824150431,84.02150145550013
5.148022436986804,208.14007856371722
7.353885936215118,4098.92782784374
-18.380348404362824,1274.3904733309566
-20.51161854933672,4085.3094916426357
-5.766741997500521,1172.416091397759
27.90627498472615,1606.4105219649643
-15.076606132065837,8866.857101669068
-9.028266746610871,4375.426161329773
-33.875052279129605,4107.009682415082
10.941733809110001,3508.5880743739644
-8.965400456395873,283.90223697404406
32.11071401925027,5350.847240544105
-4.0094643795276745,1947.8378675218607
55.836289077260616,4578.124089201769
-21.2021275719102,1161.647409529508
3.3215770963323585,79.56078248115557
28.05121249882883,917.849259590515
48.87040860092144,3156.7009085334007
-7.901740844096498,3967.3406267976957
-14.872396890614244,1722.6561818466357
9.177731361766671,134.0645614192363
-8.56062788113002,3251.4679063622443
26.114347646608604,8487.489012989863
-12.090940905171824,98.38458930254137
14.153531785045612,48.10720559202732
9.378880025337377,1300.1006696362726
-11.530465053692371,2577.668201143706
-30.712550328285676,421.95327390405254
13.227555018431527,2368.5198559354176
-0.3227366882184306,14245.740517664397
6.24333271573491,1924.923389421681
-32.93169746617822,4229.416953292032
-20.812505009586634,899.5621255545233
-27.237227147469998,677.271227506938
19.691887360599193,2609.918041383572
-15.304449211198612,477.75266691625893
0.5881046108701007,150.7147446362282
-3.2117888768907967,171.5228108588287
-39.65229297888392,15424.016043399675
-2.6351672341296144,1064.3884338426917
-7.876595154203763,2083.2279876291577
-29.19206342020404,16312.160329845248
-37.08588318042298,5754.543593505048
11.569347308538095,3146.911309620377
-28.51911699290451,1.5944635465585828
-25.462412053591795,52.064137912346666
40.461458186496046,316.4012960588463
-35.14763805142361,255.18872660750955
-72.77864517110505,30.67304132254179
21.192637300418976,5301.922160186205
-21.0481650948304,768.7830579694657
19.005745562621808,10695.263372914005
-26.840734403378537,426.43419357975876
-4.102973405363162,6056.721935274724
-4.72488452444772,2296.7971057454624
-16.29826019600775,94.17325886988912
8.392350280937745,9195.05865717298
7.8692318136226795,60.8997730625537
1.0971061143856495,22131.355867432805
-29.645560525488964,2468.9646929108435
-29.29944658803753,1862.2410571650344
6.131424769908829,4822.496808040882
-33.18486280264791,2.239714703389259
-20.607688269874743,2054.551325796165
-19.963515122065207,1458.0073369015256
19.642393975844566,10838.682304107575
21.645283346110954,833.7708536982075
-20.676095190069777,12286.919893156006
-30.865661711074427,1885.9590338840974
18.127202304213238,892.182787955682
-36.8764972488096,14.399640412268086
-2.1118949871834225,9685.320854041474
-20.373589592542285,5059.390838639582
-42.25774678650539,4465.460593257654
-22.91155482576073,6640.815547075382
23.042062119893938,3708.0437331885396
9.319106982952418,1421.1172120075826
-23.01491900925159,235.47084969366122
11.958674232661831,204.75484644228004
42.22812781150422,457.9222311774481
22.67816903697165,768.7850880446016
29.248863017306444,47.33558500446952
-24.886530886440188,1715.7480884977062
3.5811584625081245,4985.185425459476
-9.840259693476998,808.4020651041174
-12.11299606828381,34.109165960992705
-17.249709687910258,28.91924550758533
-9.274172536520513,241.19519074284997
-3.1445836472638753,1153.1269265573897
42.60591619712612,0.3651868405988121
-33.76831395511802,131.17891565241877
80.77769906813414,15450.261509950877
-36.29852392210047,649.1481466956697
-22.731057029753277,788.032810078449
10.41290013307177,721.4833402111543
8.918420122318388,31.00920019140066
6.571091942342701,627.5913459514251
-9.540349409185115,478.1830824448775
-41.36506122917389,5479.252726957725
9.461058904819847,290.8000272387354
7.437934380542725,45.02252781775262
-39.443130728130214,4864.125833360684
18.339020069595517,6336.751689371825
24.26350462893917,0.43895838025609213
46.27182470190222,1042.0937268003102
12.291051306656339,2635.145245994558
-1.8248862325049977,12115.401213710458
-26.2231935333747,66.68173078597648
-42.509193599282824,8879.572879177933
-20.25822830205333,15.674756693793448
9.58036604726912,1016.8609224884468
16.26675620647917,1040.7664441469715
-9.686094173486271,1032.5481868107386
42.033231712292135,3181.576356425868
-26.403806797980014,743.6408788546725
11.215811729658565,1634.1414116390986
-39.11906354494262,1819.2951270947663
14.429983493330024,77.078837552235
-39.93722820288731,376.66316963480733
8.05860680510624,0.13578207663460212
4.122213127616174,1241.2287427148465
-24.638500098677373,214.2931415448507
23.46408076212688,593.5658709302112
42.76579128682691,13627.637282356294
23.848509004783562,115.32560555256777
-31.527303203178423,8155.723390773803
-9.68657751393103,129.74235864285907
18.450927923925615,631.2525723352794
25.434120785774535,4844.721870563271
51.03623146158979,5221.781460287276
15.231023334029782,10515.138447881614
-14.786478685890856,2157.600541712256
-7.948721732267149,4174.864137644372
-57.173062481292746,22.947289213386107
-6.295451764109618,1508.5965521414187
19.644742606301218,8.696322848313605
-33.343969479866885,407.5172596788975
-16.931850236047712,549.6152624891445
-79.94447697073373,404.88271706677943
-36.75072111158481,732.3607748352309
-38.6143000365159,1248.5446642752502
15.759141246204972,5560.185509253348
13.676287763168153,2921.1407025641274
-1.1474119479592169,29.016850311236
-23.649549395654066,0.29109038805993775
-13.824886502479718,437.7674616997485
21.096822174322124,10518.134803543755
-5.921191761943316,80.74966172191807
-11.200728239362949,579.7115842295166
-22.153736912205847,913.8127096674356
-13.827807597194084,157.7029512495596
-3.4330135797260546,990.4722262518095
23.37685303827116,6059.588014228726
-29.87679268783258,7.354443283729112
31.182257888873732,3714.4421763404066
-24.638296930251403,967.8678607671935
-41.84257840985062,4793.091509228488
32.774011101215436,227.61244050529717
-17.55944372503099,6191.292497438454
-28.674564539370355,1880.5690973358894
30.642663693236937,3204.621834501166
18.979042426259678,400.9043188949526
10.692748353150574,3810.059443415123
-0.8651266943748261,12.474382532083343
9.834687096064819,57.91757997898922
24.207433925567596,2804.0713524859293
-7.940835776003201,155.28774917446282
-4.479124740645819,1658.024662008655
-10.576861503336051,178.90866222424367
-21.753209719442157,1762.2612294311054
-25.120244914492208,1557.1906840124204
-41.89100657462565,89.0941087502318
40.75030717442904,3422.5061628362027
-10.769946084275336,221.860901283296
24.451417577437024,3128.8417866413174
-10.448484903510565,539.8964685354531
3.9077608256059584,1324.6373166012145
7.132797292546169,501.56899356252995
-18.11238213201445,2773.894369614128
-16.370749328610618,2663.3289352676247
-5.212026268280358,3669.589540110974
-39.8045326124887,1882.4656500490755
-28.304208267858133,292.0311635897985
-12.165970672674138,832.2508653125922
-4.671247407664868,578.3021754423827
18.74853173461086,14269.999498201638
-31.41202234086406,209.7667193040064
-3.7467205167955235,5589.3783420842865
-61.30491881329796,4.970575629206909
-20.44987377485099,671.3046807718897
-12.203297810047662,7154.659760195905
31.54298265565772,2305.8843852300633
-37.011102907339904,4862.716703403325
16.065152087465922,27122.394845120332
-13.271153755148209,664.9792218134465
-0.08166625177516451,1077.5815216884416
19.280889551471024,283.82051197646643
-31.0091298013051,133.69283534289178
12.529565077883188,197.67369376019258
-2.33971552225454,6128.0498394990755
27.93163757927143,1157.0339991403548
-16.237445304415616,16473.917042174053
11.897105678719651,68.2283484799716
42.20033323531821,149.93372229409536
28.91781789358036,87.90785759574958
24.086420316593067,547.5656015606971
-24.734125982066832,8924.260499425945
-16.56853106213914,52.612386419961425
-11.369221827600047,4758.517573180341
9.001920397206828,521.3886155255407
-35.067156476789606,1.0442589545387082
19.424857612803674,5508.849885052432
-8.713858524286817,4144.064020618417
-2.5871132613416314,2212.570529287229
-19.169565395691837,21.178515830876723
32.18229221685952,2770.4670053745726
-36.63366056449975,7783.480227361141
-10.858228500715072,14693.56561434086
3.7067875614581816,17420.977351647736
26.696230870010776,4941.073617392021
-29.52739157933839,380.8488760292967
18.261820291105646,0.3106576739083388
-20.92379707625206,4280.824164809905
33.24597888600452,962.3573573523643
-29.699569432166545,3956.986925220256
24.73394355674456,12004.652035156827
8.105097334137422,5971.768619626811
-28.008698125958812,5150.046247197591
-62.478999608980544,1895.4559737713598
-6.744964037724703,565.1744121124575
-12.80681843926796,445.41516281542437
25.46648071702263,3609.230538845591
22.209794584588035,16933.54831271209
28.914037827266508,1499.9628331661777
-3.4675987412465226,2311.56690982547
13.66162446681643,1903.5219076979051
9.197811515063083,34.579172825563326
10.49763325920922,130.30686640142687
3.488782208050548,720.3748095476262
-4.142584973274683,3256.404318550119
22.32281805402793,3.0124376537777207
-1.8446955978117963,732.035324953525
14.533306015149304,2911.863365322954
-29.961851217967155,445.0867655753551
1.1178090384152348,212.16426380375913
13.55403347125527,17.149775573661703
16.329826997650382,7671.605764848849
-28.66781854184781,714.010736670787
19.061636401586536,383.05192706479124
26.404425504498175,11157.525866897833
-10.016874827770227,2149.742457748745
-30.642659983202083,683.2455913484389
-11.994244660364092,15.04584862230812
1.1664754046700914,4453.267007372514
4.306830519307777,1016.2874238308963
38.433425209535685,350.8798331222554
14.196543730140032,591.7378420847583
-11.184455212214505,0.1189944158160341
7.65294099034541,740.164874387237
28.759689296770414,559.487815376132
2.1169476686555235,1842.7051932559173
37.48967302317838,0.202738900866961
40.59940603132303,1390.9536180150037
-7.547200441172709,1764.2935870938022
-38.1118729978913,1522.0730044424924
-12.228546217386356,1769.856114270793
39.31730101695943,1235.4114979741912
-23.532861481096138,529.8388510323381
14.158409425877192,5283.2740842949315
-19.163395904361554,1074.3669511331286
6.471523188339685,148.45148972537456
42.38627973419794,6711.409788706727
10.032571711523705,4528.506255474542
-23.283786920176755,29.040609244750833
-7.747763709547588,2840.5101766102935
7.4915314175853105,291.1449629045834
-22.196702584211966,9982.830116938354
36.316792764032456,75.72456570930144
34.91056370529655,52.582211372966086
39.58831421723936,1077.91744307934
-47.27223218688182,509.68277895558646
-8.652970856203599,2405.5307044796423
17.525675907033726,1589.2761201442274
-45.34834546540914,91.09850466497727
-0.9561314052667917,7081.626901109238
33.05650282616078,9640.392361116106
-26.239405150370334,214.65577641563652
-23.864019713625954,920.9651966799748
13.487224923057152,7553.975432176926
-5.0903215586281085,1337.1418177008431
-2.3956770963989307,30.73409048111283
-32.69265453952529,1022.893600990692
-8.716817127034478,321.61544242655134
-32.750889045570844,44.7112838631131
-37.38852070442802,4121.956080464364
-50.29156417151147,2027.5425267156597
-34.357385730971586,1447.7889741390043
27.537933751329984,15548.808940734301
40.817667532729146,1130.075648180564
6.051620683414438,92.7153024795294
-49.532650664942494,1219.4168932556436
4.073630569405562,556.1944315983117
-0.505307819621823,2145.2647098735283
8.009829834129544,2441.943959474799
-20.373203726158625,880.0163089713283
-19.6590330616165,2002.822038247343
-53.83861036681482,3481.7028020718712
31.213949569445372,4346.348251565759
-25.528839292784557,5129.952057243689
50.47765812529359,123.22643109854862
-29.944993341573188,77.98710930477576
-2.6757356981892606,3859.0030547263627
-30.75543161824034,35.85116178061048
-49.750486322414545,34.671323145900224
24.739999390564723,3783.032968209477
-40.86078027254105,649.2231843225057
-3.1764433914284105,2638.1439304394603
-13.053570417059607,808.7456800161417
-26.914304485828627,1143.2203727285432
-0.11857765569014944,4028.482164934499
9.923970285742524,1348.188820049974
-40.787613763914365,1432.6196449932286
-23.74682547545638,211.80150206309793
-27.342151286029452,984.5012465988788
9.65341299810235,536.3539189928966
0.13190299851600784,813.0334421249038
-18.650223777497065,281.78128955864366
-54.8263008696958,14.194309675266302
-14.195081451366821,613.3827074241756
41.313361723124885,1656.085302408068
-27.31848674301259,18806.688364084395
-1.4035293900447137,113.2616306627865
-15.396247866054768,3453.0346349015317
1.5335613789615046,3893.7385479272507
10.638482270923387,3123.674032623903
-2.256097081988532,173.78727219310412
32.7769059304993,1198.8859161562364
-35.62153626224871,3237.9814100088065
-65.58146583410213,787.2227407719207
-12.844607337447446,19079.74270850338
12.085726766480416,23.565427264659746
-42.42955610462924,2114.7477656482797
34.36291834055008,967.0354926805064
10.393670066667447,1729.2095225400471
-37.75517909551367,910.4833039712922
26.0153039238629,99.85628798012942
27.876787822409238,3292.9105068995314
40.21923060255982,8121.740971481674
-2.8673838640861113,15.020333276090511
-21.184175762676222,9564.249754944873
6.867564785373002,285.29824631673915
-39.392271422492385,751.7009552563837
-24.032921053807787,2199.9633683587563
7.882791100779723,1897.4527212586934
-12.68757228134682,2727.927540049127
20.92215606741514,3378.0991832829836
14.32904722438455,346.7637617355952
37.15351437301,2438.0791345757875
27.077244656161024,8.13027093946502
-33.74967181947942,6172.985148997603
4.410713597505019,410.1261267020985
8.762944339875073,639.0141845556656
84.5190323611324,2133.0101367124676
-60.53950581394686,491.2916792891964
9.086959913553084,8562.167084430948
-2.908256103076827,9839.529947094772
46.831368739699585,951.4608264692935
10.852106136176968,3.3546357388404977
-8.128841346390022,4850.892905151598
6.986990143423707,49.503023227666226
-8.97066216352734,260.69552991522045
4.243947071849714,159.2911106616138
-34.461597923007005,3345.6672832195172
-14.704657645628206,975.8162411797784
14.180359813776828,2111.3624787036306
-26.62480582257253,535.0029325101843
33.44670999917689,1148.62806368212
-44.73045948091574,205.2336972327388
0.9087472370653522,1387.3824714846396
-5.44894788209594,660.6503225813273
-5.9566978533899295,7280.016030360772
-47.72558463923214,4310.926971966804
-6.180113872550326,2410.7510489218366
-13.662740023674775,393.9796057043091
-19.47974332464243,6.93790773248051
26.091108317927887,207.76327845908824
2.2649352977215464,1420.7940118999545
-29.283608384165195,812.947053958706
-26.87124173955944,1248.500255835701
27.35645943963355,885.3414608590973
-8.104530126944628,2276.645162893902
-2.799424922139071,3140.4034015704515
20.22763907590119,48.10792459679561
-31.3769619007024,1175.6528947564047
-13.18607623120933,197.75076257577533
20.62007437816281,793.5590050236831
0.5542299591490227,5815.62595336438
-31.830446574592447,990.4147263987553
-40.35700542155446,377.76261957669533
19.872020638422025,461.36036058427425
8.51222688721138,487.21316288141117
-40.618325112736514,418.0967147239369
-21.958655015931942,1.5989656138392907
2.067108653115067,117.50816522029857
39.50729809069922,2514.0210427817115
-19.637653605453256,5.334349700177384
20.724827769500546,9.821167250532163
-14.30986809905166,6290.430939518655
4.2653302008754785,3712.881909971643
-40.84359497110758,705.5057941267808
7.7061693388857115,657.9243692918782
22.583730417384555,4499.235006696424
-32.8217328978172,824.6295144154742
-36.233405613360176,581.3398096868502
-25.437848414296035,3298.9489620116224
-53.95292697485765,6.550624164646487
19.037148411982667,29.198204980811873
19.792372509106865,3670.170482631769
-3.43044870000581,5081.515643507973
-17.897985238522462,1858.8278872663902
11.436128141384284,3230.2135705998653
15.08562819476479,4925.292531053417
-13.437575325315873,8263.381141273154
53.771428947331955,3677.623581925509
11.505764999697572,20.730586591173054
4.2478366402375904,59.814723868776724
-9.038775263979925,535.1196345261455
10.549533808583048,14932.094591585997
-0.49433482663828343,222.2608044359334
41.34105526246803,2388.5293746259717
8.321044182624956,6114.225226381704
36.83266793803567,5800.797800876453
-11.811767326492845,465.95640823909804
-19.718026836436838,3860.691884274353
5.77116931809233,3507.5966137647524
-2.701751114340272,4146.517343621468
28.908623547113802,679.2664140090036
-14.957264877581526,1530.7724122504908
-29.680260001688982,207.43837825723392
3.780143038711241,1884.7701306437602
-35.78104246921272,1006.507673034521
72.18642634014633,5409.936747291138
27.755446212016732,569.5480212980048
1.5302277315051747,539.623441509373
12.724860476832685,12467.804063375968
-44.91845623348185,179.84658839229064
-10.224512421190429,595.1105321016606
11.86822541312311,4796.397841761991
-13.505399850065618,1408.2714842745143
-32.54137032177813,3930.6921076560943
-7.460477032823167,19719.23611809155
-6.2438190644197284,6954.98207760455
-18.464624682679915,0.6680525237747078
-5.351835943289775,2278.36723283508
21.56511627566392,2.757056760189739
-11.899664945555077,897.8648717888018
27.987033875042737,761.0245833242669
-37.66794929928524,51.795654014785185
-0.32846065719435913,380.3849085917897
-30.06367561140765,80.33323707137909
0.8997126233047332,1354.2332129406768
-0.03774853568392089,2358.689704910678
22.11488887297052,882.9480830632513
8.55344707740316,6722.726652870993
-23.300793875327845,130.87294088593703
23.609692197099815,657.36781108627
38.150186465192164,532.6425246901046
-59.4078087409476,13.324448292801955
14.137691490909567,5094.632381389218
-12.898009110860887,3450.633429810333
-26.72788586764931,991.5547372187481
-16.469351822265157,12516.658673152031
-25.255070122534637,86.76527328967755
23.10795435199871,1216.9909775023273
14.32034366071137,8076.882410120828
-40.28606950743837,804.8859364986519
-41.85437908477418,344.2678337162145
44.8576933264312,4011.992562092337
-24.760537725914293,2455.840281981643
-14.489649402748359,910.1367326437038
21.94942414049545,369.25458250403256
-10.453584459711937,6955.385198598514
-5.994439605102247,25.558555655618065
8.576495831633434,4515.484048077092
-59.001097456126004,425.2136735104037
28.112026589260363,120.71548610921258
45.07651110692403,5431.281555378147
29.593286688052313,262.74905684377137
-43.720255584030966,3227.5005314722903
-17.83768694457213,707.6611752914628
-14.401686589478533,3334.6361900734664
13.971096668233283,1450.146023905297
24.034198654847312,4578.918417589147
24.189598448675593,1351.5154228646898
-0.3516395201208278,2651.595593157969
-40.210063774937126,1873.1751938027942
7.835803219138125,872.0022749816166
-32.03296749353974,5422.727188149645
20.127344841145185,4570.6740660686055
-49.249550904153196,119.55310018533895
-33.945419086796974,3724.5366145997464
-23.755940498322264,3303.7175181419025
14.620331411318158,4028.819739756312
-57.25681028860903,235.1162770845869
38.25472478979462,2448.885323333145
24.951262923452816,156.9965991544782
29.943466197718617,2054.72196871978
-6.773190441226621,45.52579628516459
39.39621705741983,136.87918499661157
4.622259336565644,9.190344202134064
0.3377324335909684,11.552493898579453
2.9204829707870026,0.37955829172496847
-32.25173713041035,19383.502398281955
7.930407331658028,3217.1605373062844
-5.401506407254562,5527.459973049074
6.45074584304164,592.1413613348963
-17.82676457543882,5387.976749497774
0.8338229101000074,321.38848790095335
6.4013206983750095,116.02492220067725
31.946012618476953,686.4012067033286
-16.10565901768935,7156.9074495217665
-10.38760774551692,3257.0564845954364
-64.91229055558641,1139.1857366694146
55.06393877953893,623.945607153023
33.67876524179779,259.6316004596759
15.625814304289275,525.1111753499597
-30.092913214377223,0.05511267211897552
1.1138836918368717,1330.3067906829165
-14.745953755421073,12162.814352256706
-2.8391166954500484,495.6258173964415
7.620714719477359,4.972721200403224
-49.28434228409857,268.25671032137353
-9.53214538613135,236.67294190475567
-24.975172048237727,411.5925927053078
25.84135129087461,831.2220385207467
-9.451148564472152,306.2710659836448
15.750722723641825,1301.1552680450118
27.870832310254098,1242.9023801956914
13.780967407304768,1028.4831147147645
-28.630795620981942,309.91065425364263
-9.69265183666839,498.62955918762043
-18.046653294245875,1867.6113023997955
-25.601625106600114,1794.1009567151532
15.63245284411401,271.86821812195416
-17.984758684191466,597.1805595213707
23.70393701333982,6586.1625705912575
20.49853432446049,3.5454459441273443
-43.64918110708352,7742.111324159828
-11.173637865345132,13915.96824046525
-29.201197408795597,81.55582849378186
24.508585264526783,3284.490342353168
-7.441089004263819,577.8766182834306
-0.5421102345609548,10395.924561555035
-8.25960888766635,275.1544612413454
-12.96569733007317,7085.533703851706
21.12493449972045,21740.67244538767
5.504713838615498,2478.4059733949293
31.36312375645944,4759.244951627157
-41.44419987970606,510.5023067494638
9.771322601386483,9614.31326032138
-26.397220792243264,413.73921787307427
21.713485708681116,70.18156591644491
25.798230982039524,3143.4363394001384
35.62670776501268,3704.7075172783907
-42.555868643824525,243.88872571993664
27.52271252003997,204.90630365391547
26.616071685668185,545.1154015819058
42.92573709070116,155.07768845071814
-5.3317640630778165,0.013871720966790546
31.517417136387717,3317.8926451640946
-57.8895889052459,770.1306588743354
-9.775827034089108,7292.386313886125
66.96299878776834,7897.294047345548
0.8898998027983076,344.97541045316365
4.368286792695198,2387.518771676312
-24.2121179039104,11.450308750991134
-36.63783427482896,223.35545783007257
5.72625165597206,6077.6955258770795
20.10127486255878,643.0342925236607
40.79537287891024,280.70975284284106
-30.653707061782388,583.6170369339419
-10.023239832622142,661.7875340010057
15.083166228295948,6517.550926372198
41.40513108610445,7609.478425187238
-25.39507501365053,1879.854225698419
19.453385099688813,772.368440722698
2.1587422005343164,4059.516932134688
-37.70712612924139,1453.9296156224914
-6.0165036888447965,973.2827084867041
6.045560021613067,12.510554291772387
3.4723655110858367,77.96199862803775
50.73263860759219,2419.7859654669624
-2.483701085751381,1472.0207210383535
6.456922036270537,2875.7698794268135
42.84748529113547,3200.5778211039415
14.167198996515733,296.6399230329474
9.668615874201361,2594.0201010146584
11.641020961959082,0.2621355063751084
-16.9803942676367,2164.62167670957
5.907181047972267,373.56378309868296
-9.372370044902343,1664.630865028077
-37.952995439817755,106.53720481623155
-2.090002756835762,13479.814664266501
-6.022951301473409,4445.583886451884
16.733422463370044,5500.33902780961
53.38763372799893,5039.481524987307
-11.59365238614949,20.808403926102805
-19.20902214683254,977.2130038429298
1.7532527572768508,2176.504938145859
-3.8836132241039714,3392.2383465972466
-8.316608510265286,4680.875915539749
57.79740952577491,684.9357066036221
34.455452818103524,5843.0937946955255
30.956223796192585,152.97851073117076
20.136521667097423,383.5569081175506
-29.395467786782994,1249.2212723991006
-10.366489835197246,968.7404777985495
-11.859049955238977,2804.930006634915
-51.79074334655333,1416.5864432279968
53.54176861613665,6480.193753748267
-10.52981197113171,2108.488195916339
9.287155077707535,8090.763248641422
-27.365678040386587,1542.7972022822908
3.096374430084648,327.3720692572029
-30.99795131830469,61.87036138196159
0.6368168625698125,1631.4790734673809
-11.49042809653277,7859.681541039472
-19.76351273561831,627.8048654092721
3.217347163925961,1069.0038018015937
18.47344524017866,3398.2191742061686
42.5041714188164,193.45634916880246
-33.467449357085755,1045.5614418540683
-4.389071158495273,1342.605245662978
-0.8575328479582147,394.0971575270293
-17.766104743516866,3568.151198275537
19.863435837662163,862.2287216044862
-31.43541209831658,4491.67183172597
9.103901999298994,142.494773787944
17.998723893719795,339.81240787346843
0.869922581152462,4.152726595317423
3.5357362536504944,598.0043101241256
-5.651738353983649,43.4386508374301
-4.033237192481142,2486.6384815385645
12.414480771261747,974.187528880891
-10.491141944000635,2050.1047927123527
-10.549476195369241,2796.774136261212
14.676592097743008,1068.029629920605
74.4643832374894,878.5690499691538
-9.979429357925728,3305.252349620953
-19.381005939123835,25.51842817461152
-9.208750015531312,40.10830317643162
16.35950141742104,1108.2111239083695
25.33106478744899,1366.8446545585762
-28.76216778997208,12.894123281297508
-5.032830908585186,2393.4846282024237
-52.49245572309819,2335.7651209863225
-3.756471244164022,1171.4164043497747
21.646163811196043,7395.568851166621
23.383041560646216,1890.8476118717945
10.424150811036409,1391.2848146833473
-18.82737870053909,166.42371622058656
-1.9453468465896613,4723.584767997839
-47.95907926735539,4618.805253667289
-22.22266890228183,13439.707087380995
-16.935463358551505,128.1146867628284
-11.934607591128515,532.918091649448
6.211817146037088,885.922101105264
5.740761217402319,5214.920729021114
-23.891998257705122,671.6499274261464
-10.396893719883327,1.9428239171592132
20.14805780534294,1545.014170604992
17.73319907065503,2435.6791265324237
4.725825729018322,26.857174994045813
-13.796718889156185,8936.344429579682
17.57188068167771,155.05783281851188
-8.49077749652243,4731.808862051598
-21.449829783069124,988.7646538847864
-29.549939763068853,95.69823837433498
25.03328405496266,5386.882316247471
41.18572869962206,6727.545619039024
-47.417716370792746,6981.715807251091
39.594424123859525,614.6004507310234
38.968998529085056,2324.11637088853
-5.700695057719987,1229.5819242962175
-2.51531896568218,158.84394332455466
70.51246355432976,1552.9609579849132
-13.125301773054606,1053.3830860451844
19.79288838688488,3757.8819490391147
3.6550900562369115,10.18698006530679
15.28392132257768,15448.517785248498
-6.215201830960712,130.38641337083877
-49.37382508233328,819.2579849963802
-5.873578312669213,32.09926275245551
2.2944732581601492,5931.844770668098
-11.12664566751501,148.65954805232101
3.7001063128067777,224.03278724304212
9.673074023387588,376.0928997172723
-15.645283791466927,1584.2243561837986
-67.65553389991295,1018.6197758829245
-38.14289497956828,213.77415461852183
22.075904212368965,447.046154094755
0.63132408578279,5447.142161356216
-19.812942598341483,1630.4869019155901
5.740278460784065,309.36685451400007
-29.376689061685074,2095.47733719683
-10.5080049251135,3628.1636558563155
44.79582583905129,4032.7183056397707
33.05388724505707,51.19312848135249
8.515264322197279,3836.0145331898943
8.959547887744844,0.3409165214001388
34.045854412083386,434.56149805101944
-50.870956314231776,1.7229288509318927
-27.85307951180012,2296.7981123157065
-27.622009631711297,297.6203228717019
-32.13085307861816,427.2593749467781
-20.779645867349377,377.4685630098751
-61.22315043793607,0.6768007373852303
-23.882341556316437,410.3241183989068
-28.414172389096127,6166.034468792882
-0.10789112002227697,955.3472579781994
36.688329450093065,2.7187843480049216
-16.572921576912808,130.33038851593122
-8.782564691442108,2689.942962425506
-36.297720683913454,147.97357944373675
-4.732367857385835,2.5349307423985876
17.062032467370948,9967.805203559128
30.19333500316092,1006.9027939225303
-51.33543412390249,448.0491465296911
13.43084579747197,2091.296287742245
-38.64109738164099,801.066383970679
25.45978443087027,7659.242625470274
-32.83429168795267,635.9705515136694
26.576383547262235,3381.136050657954
-26.690516901458256,1006.9511517139621
5.858272867034454,2724.816687004733
35.99895728793136,11013.421803294876
99.22019844777729,1891.7183578726106
-29.39949397487054,100.35661276113072
28.574380742879764,0.905829822718019
-19.47408251799501,12952.170584201103
-18.592366574463217,3059.711722596332
-3.7368168765652463,2938.29031963216
-15.434129919873232,18814.815161352075
15.69701414966094,5961.749981322572
-35.956779470768325,246.1980502177379
-12.185219844890259,1.0406754683374604
69.33809604570261,1484.6364508239571
22.194281293242152,7653.324135455779
-11.201134581928827,1135.100213666443
0.10351410693804652,3263.97967005736
17.686265502835607,2903.1314066909854
-24.486678090096024,85.19076188419098
7.630586395196005,9965.298805010969
1.5656890929417635,511.2007206771138
-13.447726701160423,693.1132582846169
-36.28467361058905,368.9523301983152
13.982351269414476,10275.648709098137
25.94737705748774,979.4070139622444
9.642964447445973,3294.759074248588
24.38042928436322,146.99291664302112
-20.859180448449212,2419.0283075233324
-1.982420817445746,4908.432126947088
-1.9226715435448405,13690.672311023465
-6.780532021691801,1500.143797204166
-6.363809133138222,9.7875474950024
-3.40240958673974,129.83181531241047
-49.15697594794848,1511.6062073837
10.254556374708866,5657.3018613545355
-34.54639877591585,9661.461899365146
-9.600102625184167,3448.5377872393015
29.57345996042549,108.93460820077672
-13.59262404289321,3134.6883416695405
-12.907677101918257,50.094277496462276
45.59885899207056,1390.282503005426
-14.33441648531566,4237.999050472526
-29.636471680757797,11595.704535049459
-15.118071766157588,891.3406076093572
25.42754551210133,270.89081261749124
-41.93571525013739,1862.7623431889597
36.95252549789585,7179.21024208747
14.903445545544553,34.496050855014275
-37.13446883898236,0.0004210800706703608
-21.30578299241267,44.99901727129254
-57.060854019998615,1776.674136586481
40.3177733908599,6181.502067933381
-28.721679831549768,868.9504100142251
19.181636958338157,3574.0337967527503
-2.2218703801398796,591.2648150009695
43.00337476046454,1670.98087066227
-4.07741593726349,971.1969290837973
24.58846290145683,11938.138303287322
2.569000912448683,3223.9381637064776
-57.003077684258315,846.1502788412416
-43.63813271448457,2303.145068527442
16.141807577157163,462.02877975897474
-11.378542258422213,2910.2605519038925
44.00348997166428,0.6070736990806689
-2.8059683910522217,148.34078063453902
29.00821512779883,428.8581354251075
16.116145044439957,1407.195449478029
-19.703866595175487,6337.455218459548
0.3649625269885455,7911.317653045475
34.08703591488175,399.59924698612497
-4.630071427348515,0.14804186563762617
-42.57134444056351,839.1774682356375
-3.7301441511359137,32.58254596630596
-24.17523801839278,2701.9611901734565
-20.591785281985256,3181.0353461509417
-19.053162217353208,102.35639572166761
2.025128646315448,793.5000560741034
-8.743176604642958,18.31655842222928
0.4740095010977292,27.390086574042808
16.671935366564195,10712.670070664963
-59.55150185646791,96.1459219599729
24.35133096244547,1408.117095718604
-15.42791875748934,14325.218356309342
-47.975832887506854,89.92798406055658
32.466242091012916,402.79138233673615
30.754743995272616,475.26516380383055
-8.777060873588038,0.05625004310147687
12.43352861326893,4311.018682120301
-8.934659807425792,245.76484417583652
-15.471183362788071,404.4915649470072
-18.184839370803633,419.68995616563046
30.88598196254007,4.8038101764927115
-7.281608817804784,18333.74796965654
-35.477146939509694,3088.4714879305525
4.049805582464057,0.3618350154357528
-15.846606743870069,251.86848727741776
15.44991936267196,15.497011899652437
-6.993898423161898,80.25876619788424
-13.93983147835947,85.74900093023854
16.440316498965483,4584.807734218887
10.006129163184266,3178.7410769272437
4.12515876598739,759.9647859320083
-12.656602553002717,3063.0590771896977
25.141882332403423,253.50556947242697
47.781453180953335,389.4146513028844
-16.062686486685397,6267.8248592260425
-15.456822631591354,4247.530353596168
-59.841060367223534,393.6474211482663
12.77450782875037,11.23281928883102
40.47407893785747,591.2058019603087
32.31720582490978,1.3063815090029935
-0.61881385067149,2222.4019144406366
0.7002482764132587,4393.882270259903
75.47717566203504,104.13050222423011
6.070218127065983,275.39562895873786
-0.20245815323926308,809.7594887647064
-6.304946636222628,984.3942658240157
0.5476244181316865,899.1739710473894
-20.73599343225739,1925.9229809948013
37.89544779566755,33.220859090300145
41.035721446219995,2358.642140331335
46.28604863967614,20.31734301258751
80.39815130191901,12710.51259082673
-54.74110332434101,6381.667752351066
0.547396935970891,4235.513734392627
-3.2925469198121995,490.86821531490875
-11.712991640958496,8559.069745696075
38.76228249319847,1741.7440753428225
-31.61362370246589,527.5255851982038
-21.60927016001479,9.409600490475983
-1.2576012489449973,953.4854834899843
21.83732259311746,5200.533039668813
-20.785766238231037,4970.338916700337
14.192761363921914,451.2755320274417
-40.1840971072922,3109.5596278839357
-2.975811308175036,1360.4673898243425
-2.5764062605054967,1152.8140049018848
18.75748991861114,8.08367070143095
18.342988023864148,230.92764134884462
-37.27262382230475,2658.832675397263
-29.133763458320477,1659.04674930516
-30.910432702284613,8.565205843701097
-1.951754068870418,3346.600759557042
28.420746674904176,326.32046941382265
-5.487346570445272,172.69057585656384
7.957446716966823,3283.659472187965
27.264336986627864,118.7421993541386
11.707619727968943,8417.13029755417
-11.66428259985479,3470.379578993833
-20.570150094104196,1906.8874412029124
20.788745341891268,669.0766760058739
-2.346657070824765,1531.6996371025891
9.908916270647108,69.71011326564462
-6.469953355036797,95.13970432977911
-11.690256403331905,242.0238977571609
-28.28399024376942,56.656373842834725
3.1425616477605836,3541.787676934146
-3.6958296026802095,6451.5368484817745
35.912799461652966,93.78359699445855
-25.418005935951516,1344.9077317519414
9.61382450498284,1795.0545298182703
-41.055269623850464,879.1323126438913
-14.457196794237948,5678.551128637725
-25.740414477281476,555.8315073851378
8.567061328047128,1774.9496260945612
-13.276312583841332,5350.080794946702
-27.512702843896268,1113.182962720027
-39.687116658719916,1584.631812133937
-0.46774127168861446,2539.738053790183
10.723236824502603,971.8235745138197
-37.518684420828166,1391.0976685950254
-41.74719392540551,448.67003064362297
-19.185476887416787,1628.6508798651369
12.565734628887949,732.8997537031811
43.494828780214206,4558.600638957948
4.749629127346548,126.08360596236284
0.9372966359874333,86.8257770135316
-40.0868798309357,4802.786006321542
-20.23883573679912,0.28433495526027985
31.328123376704337,9177.629379106807
0.8253777535506224,254.5421229938211
-6.299632832743658,4761.8229411554485
-23.935241857340277,17125.055031452368
27.713543523858032,275.20467093203536
-33.419232627406146,2015.8465674441616
30.655394971932292,192.49781985761896
-12.699675892144246,1267.5998720743655
-19.73136306574658,953.1520657722523
-24.354594728503276,4119.340147801185
2.168742717840299,121.66378990586283
-31.400253630420327,1291.0223842589155
-30.554282470889778,1151.641577042146
13.973620370844625,394.2099295625191
-7.096393803270036,48.078399239560454
9.553821974133978,96.62666379026008
-16.131758918252547,453.74500708300394
2.237808233005733,10213.853234176515
-29.95592230740603,79.59473782648104
18.08645401991792,18.73108343180357
-19.904355313462606,5996.225947015289
-9.000087480765092,1286.5319599701286
26.21359640297764,71.07092961598961
83.12465172049711,1793.0510443261871
-13.186224170829497,19.07507905330616
22.290377491164218,1909.800010738768
-15.024729457299674,725.2645683298019
-33.842666104875505,84.49625774103455
28.685557971005647,792.2672566362838
-6.105912542140682,3051.552121663215
-11.189082218608544,335.14824112546137
20.749299897314042,167.54688724655324
-24.37748159710971,3339.7981329708696
-62.308185285274604,590.2310459415127
-9.981915327186659,499.5317676067847
-12.483705883633206,2328.2840659280473
-29.791086946392188,2915.583865083457
-31.019835950943065,7971.870818430924
24.169929009123774,2189.3175468185073
-17.172451233625697,4824.213564689273
7.424053352573917,387.9014086570946
-6.4687334631552424,802.9804572619291
-32.93930913430911,612.6052000290451
0.9119065150495089,480.35113143433006
-26.505032514797637,4731.608655038156
-8.108540909544605,11317.854614783697
26.22731978689647,151.5756360322871
-2.128372241974393,669.0402822031898
-15.237310322564685,5080.822325610068
6.235195537057489,26.079982319511437
8.743464631097748,350.30017558900784
-5.554651495073191,4.589045253694669
19.185781273387402,64.15139494239179
-23.816431626447557,1097.0150307676533
33.228704439658586,5814.385842499582
4.855796616879385,681.1877449365007
13.383979620773982,4192.856875213218
-26.285583187738172,3717.2627304780967
-2.076600905020502,3323.0585639741425
-27.772116662009207,8024.640973898238
-2.6172916820384167,204.32442975190594
-0.7859450605298441,3224.1717283982043
11.317784431288352,689.6063045212676
-24.303743818289508,2809.4300446132897
8.957095339247335,475.3503027427984
19.784377347907576,15867.8949526663
-18.608362143075333,532.2702789136365
-45.37982710238363,39.47000208851062
-59.514387207791984,6369.227846027878
-43.374606948112174,117.28351391374223
-21.03896576645478,2591.178465405094
-10.13446089448566,1159.4689245800605
21.549339563146685,725.7573772323924
-9.297946902476557,396.0508243576271
-74.16078736847022,1784.88822143018
35.739270271375275,655.0351166452383
-5.615299028258807,2047.5755151717708
29.342912968359638,1319.7732617040724
-0.957594871409885,161.02197968348426
6.4445021902008754,407.3012229426891
-27.15009847630508,3596.265291977336
-0.9889492566097466,1376.0637275410604
-32.77664142767753,22.23681520887411
-8.081588385296005,187.4050882165512
-21.132976043930416,5.234331172946634
-33.01746533404233,807.9212718395534
-3.4001252598151446,3259.61686853916
-46.627900266879934,1448.0148192986896
19.1719241210436,169.46957780268085
-70.75059498582836,1351.0913000651938
-33.55609072651477,212.54452788963914
5.0759286996352015,542.9161741210385
-3.3280221307222355,208.62923505112403
-18.674291581056156,2912.6639043958785
-26.022772981406394,1754.0633407161263
31.664267139383167,1088.4430754761222
-3.2105128093140713,141.0978334405126
6.9026950948128665,6951.26400181223
-4.77628381631725,1377.3089933178373
45.51871451082398,560.2821629740978
13.893944313304115,1510.7808972232967
-29.949706482821302,123.21894726525984
-14.45335694442635,19707.245501696754
-18.22352987878823,4458.456060881314
-32.9052294356439,726.4262296358432
14.808102719184898,2415.9404821052094
-59.095320633056545,65.08736853858427
-3.2723773046455484,69.1090190578994
-5.077316710306281,2148.8010437235193
27.470035701195133,2023.7742061983267
-15.107086971791478,421.67827197498445
-29.179444253277598,2541.9922689884397
51.95535557775234,16738.57476292373
-9.416604788193741,16703.835069958084
50.16048583760015,4627.867616113759
13.845682832374177,9533.435635744685
-10.436689221853687,1774.4430172773436
11.919955235868041,891.1854710070731
-2.337451511501957,5647.086186546953
5.353101463900924,541.3206602322731
32.21561988193524,34.64308514376904
3.3179664500969004,1895.4578643526377
-30.732382844769422,518.0112906863922
33.88571667723785,2539.3000828042927
-24.347800632586672,76.74711543469218
-42.79313283125016,888.3478143273366
12.806515678348358,9080.647544037685
-5.76480565168983,36.31101685694837
-26.254497760115573,0.10820078454980288
14.596746845304477,1468.0797615153172
-21.03196546177573,1343.4307572141754
-23.45800927030898,103.82909045669386
28.857012589505228,6050.423943615639
10.461938498610177,9.446505639673642
-35.61000473519012,3485.6459704726262
27.58037479813593,548.7890387718644
3.084213166618877,12028.27571779656
40.87032804898398,1218.0403288302557
-72.67751288037893,7893.731976582429
-20.87205072730139,0.8471268827145243
6.392084068352357,100.75249464472981
-7.935507105904481,730.0803657394043
20.326005865628513,2885.8372456068073
4.579827930797006,14.174589438392427
-11.945305043151809,1826.9336344487301
-41.45619840771134,1623.5917682743395
-0.9477580171940012,5457.326269240034
-7.348700154367169,1505.8155818220373
20.426736058338957,515.8859331177474
-29.92514530724613,3470.7802282794496
-20.15778912042136,438.38678764542163
13.954017647385495,3657.4099535226546
-4.094775311413191,5744.899868322355
24.4633558037506,9.248344164791645
-8.130337565821723,163.49699233824367
7.716523819046511,3457.7775985932994
-32.16326720673227,91.94162628184985
26.355242374472805,6787.067500500764
42.60150417556257,7586.351218324733
-15.342886847879868,756.9059426741153
-1.8617230430453624,9578.1890217172
11.348227446542008,23.345363626510643
30.681246269796343,6468.666578243289
-26.21910866537377,4856.687401914293
-23.63684065754116,4794.12152384314
19.37497351759718,109.3521386952613
-31.93682200055245,2343.714619430504
24.037478442230377,39.77619285159287
-2.830019268460237,1515.4638822004101
-46.256766457666814,4593.1765919359505
15.558301761231046,1788.1806531334912
6.110730409177545,5436.089721218696
33.324691777339225,539.0310029913866
28.02243682029943,1472.6638850993356
20.551184794214333,452.7697817227952
19.37586153937796,1506.16119341032
10.64163379552171,6430.492314342663
23.847865934097722,1092.6695283953663
-22.753115403916713,524.2006900322208
-39.41703185602394,38.64728970454243
25.65872057724236,15.92456415850255
-54.619791631909735,358.07800136049804
24.225591752583437,2791.964455127643
11.221657609039237,3633.5829481104493
-45.69556038079911,1431.719394351304
-20.037695094362807,2462.924336058602
10.549995409040275,6048.029336758204
25.184536550113304,2830.282192593428
-18.579401559809714,806.542978918751
19.27226326587579,2669.64315560144
-11.115823008141408,4838.848366411636
-14.674901563508872,82.19527654121647
-41.29986347361785,49.25692461697252
5.152741132705,418.32594619305445
25.4551205426533,400.27543299811464
-36.47265471820087,2883.957975668473
17.994483522299372,462.2365645469776
55.674099269034954,3507.5228092231027
-66.96882458770871,698.4938139693977
57.272670568164514,1402.266286585272
-10.666200701411572,559.6943797145951
-35.12170983285843,252.3245968602342
-9.113603792097468,3266.6904550460195
-32.44284092864349,2805.816570978589
36.80796615129752,6136.152213844381
-30.742307732611966,497.3186173643469
6.34323223598987,2667.546585086384
8.245941025674806,6782.51769402941
-7.257730238558953,1308.665776119383
-5.680967252038915,1504.560520597236
-0.5617030193025307,108.94009033174518
49.44994778803287,3527.1846522397796
9.072691401225239,4.23521547785126
-12.962208190455176,15010.44699477459
50.98442866895799,1013.0193713319458
-17.138321669464222,1361.5964659700953
-16.509681872326286,2204.0241135259735
-47.45904437381661,1833.612968742893
8.074342466836026,2317.3174790977546
-8.480424722584761,7483.780279074201
-10.965006695058225,93.36504958855815
15.648474014723643,21.8285701687869
-5.41982636026275,96.21056481235712
-10.358439658066974,10294.752151469642
25.02820537836548,2637.01027346555
22.971045907899263,2226.1115201018315
0.20212864070272119,600.552104859932
10.454616002366645,80.31490685180928
42.280350484751395,575.5143657331126
-57.87661227510979,9.809931872779405
17.023756771200322,5170.864009473511
-3.620777891705604,854.8595052223525
-46.280936351778465,1506.2777683665809
-31.15635039330886,1585.6171007518074
-1.5495197862594416,11502.97001832696
-27.20333034126519,6235.124888002435
30.490205975501777,899.6292432951211
-11.272660453017199,3682.9765798862286
49.651819261052296,71.31365971112766
-17.1585598188011,883.2000716398362
-46.8548541456138,2716.4185816990494
-8.454428861884134,5043.9266740764715
-27.504401268596002,46.74080299810062
-17.292305808115206,3598.523394393704
52.26973290761383,5756.49650072352
0.8943073066497895,386.1647508130284
-17.21982025432168,14856.05711424674
-2.4223393424579633,141.56151029440323
41.70668024709731,1106.0485842032028
-23.369277369423475,352.0627735495654
-38.40136286473923,2858.5035992760536
-17.90705675907886,4804.558790671244
-2.5949515321369354,978.0502501436282
8.849088684629674,6819.384228581534
-54.52089820583002,42.255417762599535
-9.173781312071252,1337.4726651868186
-9.848430969387127,6408.339958594275
-22.488231848872424,2582.384885563903
-28.853869672745116,14511.336703036726
-11.26703423757694,3457.920565361534
0.4256607161098991,9.108314293853331
3.375917452725826,196.12303773978272
23.35453776606185,5200.925752087813
8.117665990908204,217.4147332061563
11.527274456434252,8782.888385629505
4.285262730543973,2461.746002573894
32.95869352912506,632.9132635768742
-22.596057476215652,687.5136152432945
-42.81246578689512,1.9051289206655728
30.894400930703892,1402.2875464369858
-23.576528514438582,8727.700451412164
-0.15873582723124358,113.30807997579556
7.226427069811944,435.4427963247685
-29.896355853861042,107.37450924520252
30.172285447485347,2453.740505622226
-25.613840138225118,31.127247136109798
30.365941847832158,1686.3373290278812
4.871202294772711,861.7375594824244
-12.47698281773744,2083.139835139126
6.333383819889303,141.23050998869752
-7.321987945560512,815.3917994708239
-58.470671285908466,2303.1837041792987
-29.453228092360025,18672.18854834202
-17.56659571226685,1389.442175686221
-33.691973258802264,153.4786540363637
-27.17763834781083,118.21283416429151
-7.146120336270048,589.1719957250882
-28.683953497359102,1295.0722904217964
22.471089934063155,719.8749481595282
15.052129177025659,19.444376749468905
1.801565527828,1186.4717631999417
45.133739556932326,1089.0059504836247
-29.191769627294928,6402.551173212224
-29.46346475014089,11449.553772608535
-21.268044113481057,607.0805330808589
-32.927275571899756,88.06313969622326
11.070043421025598,4935.489548280957
-45.78301419284186,171.44754452941126
-14.296416531297144,3394.9145544219273
-29.891993653605045,30.823955394614625
-2.331296675682964,2096.6719460002614
-17.328604483448107,2725.019385390844
13.912668106409495,234.21830363650687
16.90561060210744,359.86956682331
10.798605314887407,2176.8530783651963
22.162076795787367,143.06641190973264
-28.008308286911177,54.81525159215027
49.0112254956846,6957.42342293401
-35.54797190040735,2614.155317284803
-31.90598128967959,6264.01137773604
-39.09801038319985,4043.8499794552026
9.489574578834702,385.0667481051044
-19.446693571755016,1509.5754674926973
3.2932301072429873,6873.841751400493
-5.4073698310898415,14942.506605776161
3.0837720639178023,1612.831833594155
-4.878197274520819,2294.335396889079
-33.174530616639586,10132.605187611982
25.002810798032645,522.9019167896801
-23.42248105456486,27.68664504974104
23.911459543272013,4767.025092380969
-9.530491495390937,49.587983071495415
-45.03293319731314,1115.6898890755178
-16.956399475457317,435.4446238808075
-30.869884551902505,17.314060070542126
20.455840949085125,5288.051987691985
-15.121721838688035,3441.895777460582
-6.3720815710649,48.77187606395007
22.605004346461083,11378.500028595763
1.688507452843151,9.3647742979742
-6.188639983649683,59.22142260701045
22.631186873006808,288.2222398722243
-30.719231204246018,458.29074159544916
28.953049736950344,38.18505377059022
-5.044655352981664,2446.166493904774
-3.977039480172852,1607.7052078984634
-11.826645401049138,279.73895013074707
17.101829560766287,52.04128261356355
27.388220551606917,172.1085086134203
-22.790354290945874,192.43686262851074
5.181996187867025,3122.1902016621025
61.85828494959456,538.3037858926325
-16.176065148939433,148.81733150595016
24.97571182633818,146.17280089981568
3.941778521376772,263.21411498320043
8.95183209106214,117.37740104084361
-34.461007155614894,615.5899132095079
30.82649510409537,236.36404123230716
-16.31210787975836,3.655842798770472
-12.475869437769024,4170.187419328365
-16.63624765093336,980.9517573400861
-21.054152225908314,1219.9423273993884
-9.218438376457716,0.39893701776451423
-1.061381902015757,302.97680934484896
-44.762541788482295,3970.886387706837
10.98098960503641,1954.6167394870986
-27.89998825451889,373.24708454496266
2.7198934585881425,154.71756624242423
-37.822977549327916,24280.732095901916
18.414391541668845,2032.5388418388725
11.375069636674777,286.1997649867961
-40.07790970901114,266.43762512768427
31.66786721023568,0.021438091635691013
-35.6632295229481,0.008157735670933135
34.25114140218065,37.819059889992936
-17.654509359893016,48.18309340769662
54.39518649962585,222.3622066526981
32.13819428041465,7.2042161461698475
5.243757868850491,1.1601647392937067
47.62429854760693,47.067849287894646
-8.497234729563406,493.09627858106154
8.06518894050647,7203.172475574579
-8.556557104680952,2526.8046802756967
-32.09867648763061,47.09365481872815
26.011706996097015,751.884890459208
-19.057654137608683,17.435704168738376
-22.765907676511137,965.4035577931418
31.158694666467436,1204.843302934949
8.134181309483363,8734.724947368595
-33.4676252264684,18163.179242546747
5.547209500367796,5951.738430830498
28.224036288970506,630.0461465469676
-36.439444662404824,3145.2970466234588
45.797314493702615,484.62027297656215
20.776489766062053,2749.0700939070007
-24.754934687028868,10193.453964416332
-23.507669314595848,5802.206622349312
-45.62363309428919,2252.059226684693
-11.042476804593907,8621.520728400352
14.581247110708642,79.78503049392886
6.7887119017717446,6348.201452847876
-7.5513127376640234,9038.59410082869
-36.190585861942324,1842.3968963608747
-6.74396359265582,597.1944810217044
-3.8603577944913816,269.6962082283108
-18.370686956397908,2642.5392304556303
-13.45648014653879,5590.64825861163
4.002939334735469,51.18567540754649
-7.344857394297367,103.71779467973136
31.676589823790817,1446.0618777663979
39.36407623861122,563.5486360517266
-26.39507768298849,456.3334885690634
-12.938308796465098,621.4955240647532
-6.947956211072761,608.5278869138343
10.473759105025675,396.7792396110023
-13.905430061342503,2610.320704682755
-13.51501905615702,11.606718054517627
-13.00744106181249,1002.3904192999515
-13.76833796067378,2054.111658702743
-29.584068988037405,4630.667248814282
-33.739678463417604,2624.8054106331842
-22.733588802230617,62.47737085387297
-2.5113019897956015,291.34094088943493
-42.196836095126415,40.3622126600596
-9.576848510313187,349.98218076116405
8.238597617671175,3491.9255544837747
-31.430820639260066,3449.8801318525684
22.412020459462962,9831.591907850723
17.35414191676129,5292.488281548994
-4.705947912791078,90.99764190130882
13.993764926613249,5496.750589822299
2.0693302161950946,198.4338946538305
51.379240622423524,172.86716473880588
-20.322856962592642,1545.4127649253533
-15.432946246341675,164.2051955491537
4.674026173429052,15.4846578250953
9.021218640524243,1595.2659698437076
-32.9748439513768,2488.7431694931433
0.5234414503855582,17.677826099756953
0.22495651462183375,274.2772043778899
20.080992454772723,161.15145799926344
-23.707793464735087,365.0207208266033
-14.087726193713213,8202.558837718576
24.94915223243076,711.5005539495929
10.590013279406474,1718.0667029477786
16.329512417324946,133.93338982505227
-60.03153218338038,5258.906452782621
-30.690199001873413,853.3853894903144
8.801558654665069,414.2352252408183
2.356616033065489,904.1034603359249
-19.025313252900208,1174.5296907931452
13.06226045718783,388.06115393724843
18.608795773536638,7417.4670480192335
-26.96285628125874,3489.6272387344206
-8.40431512039017,258.6594513582461
-65.24125469068075,1422.066791823094
22.84232878427171,3112.727099238365
0.5381806190174352,3445.764601594382
-10.035819523064642,3929.594750500692
-13.69328420548631,1261.0459980891949
-27.534695323645526,1239.7414565632007
10.496427750588946,3038.6274730155974
-4.570124951120608,2.2567708500924737
39.82661769549962,1089.9349280476472
-27.27870885536341,5289.3565581189905
22.329597198296806,6210.240855713044
-12.411530224865505,2215.329229502395
-15.067347451090132,1233.7315487323579
7.640854762822368,2109.8917752448338
-30.00555495703647,34.57855474243092
39.229696288485044,22701.751028276056
-50.60235229793365,11.226452027913382
23.788131584235128,2884.0675012996817
14.381391343425644,1004.950329472558
12.920594203635414,3957.268224090025
-8.705878198059128,7425.65148721657
-17.83769003635408,1636.351427106246
-7.226456705653749,119.59285786904832
28.193129156571086,3.3757478332982402
-14.594662466628979,153.4411523354811
39.50545425873803,942.7099602815575
5.595783392977321,717.0100274935934
-2.6171233085406307,368.0847547288821
-23.451260001800822,505.08673526892795
-1.61788461022147,4007.2257445888636
4.198900458640491,1432.2541957765259
-36.14872260204676,1883.6642753170697
31.859331289731056,1612.862938311521
-35.74824424524151,35.48157511241906
-29.572222863325567,7599.765384344864
17.347771941831706,3123.869742987921
-7.572342348703348,706.5186572546671
9.430870531582737,3269.419217179658
-17.83286891783884,551.0854974339496
10.992478383143276,64.6688546008394
-41.1488117569764,150.3528367941515
1.2244245341225444,3394.160702856902
23.684891922408138,1747.2755327384245
40.706099935710526,260.1310964245939
-73.8439076009986,1560.2223748546778
13.013987973195487,728.1504422427346
-20.470241816861336,9106.89612156706
-15.191613492245171,55.75087172008354
-17.890735391426308,16370.607937188872
30.741395502163453,6240.376768690131
-25.632068396294517,18135.185602585556
-12.376742212680231,1075.4923387958693
5.856638946430163,607.0620857076455
13.014061508211835,50.93662732282957
6.821872690353121,6963.955095014436
4.022972560315207,850.1940867728459
-25.412156684908272,717.0495237803798
-24.903188120415567,4088.0497856541065
-26.643087621597626,950.4097519705657
28.69452747607657,2.702604282411176
-5.380361747981414,459.8252011166183
4.587845898036527,1815.3774589580103
-3.9032914840434394,4409.072794673158
-11.334935112485784,6337.639022124395
-3.8104835642373196,550.7988316319339
6.895240935491909,6089.023004861046
-14.78723980510809,274.75208621929863
-33.4141580794509,2910.718519172026
13.440975332710064,6661.092285591259
-30.761527733200598,218.76453025813413
-47.03862843998587,330.11571513883905
-39.814160426587605,7922.69442101434
-23.43772722702042,781.738226609735
-51.69794973965848,138.86584195923143
-0.03724982835677615,576.3093280655172
-22.369168550119088,1383.3871935470102
-8.800121571982334,1858.140058500453
-31.40085079287373,290.73288652708095
20.667632116520547,2508.3512007891554
8.700906611429257,3572.092777540575
51.36455734524803,285.92731641214834
-11.986950253721465,102.0298057611763
3.7856144502325115,29.314482287460763
-32.442761383836526,2051.280156938621
-41.16586117178839,4533.169519010932
13.021650727549495,1469.2521102145479
-2.5806186250228116,237.5848683579771
47.549722414340735,899.4060433667369
-60.14108462856315,4465.596068026472
27.697004888575105,1419.2063660430467
32.890816612151184,2162.2977634247204
2.912069481885961,130.71890339491475
-25.543497584504554,1787.815967526103
-13.875605488172273,1060.2866905827173
-3.475509224478504,177.22960652103967
-55.46616083538437,187.9796778133437
22.455077399380496,2522.909026280155
40.42798006336618,1055.2059153691534
18.671642307533357,686.9022915791642
17.381530450501696,487.7794433350048
-2.0387118420708994,1367.4209368215088
0.32754072334470763,36.986532432261384
-58.00811351318943,1875.7664019685105
37.18955155459916,13684.848611181063
-20.520754957907222,734.3317423556048
19.769659200151903,1326.736244634304
18.11109283490752,2864.4799021246013
7.269883187245551,1812.6785222780404
8.448964228809071,3222.7375138736757
2.2811866302271078,10693.68566628162
31.545811746711006,475.42717843567397
-22.067653535130564,4650.367520648095
54.99950464688344,1410.4992245340266
18.70569796602825,1407.9823698708685
8.603160708005685,540.7231703573483
-4.247416360929083,1422.8636503132486
14.174065920835556,3306.5127485305516
12.4394046390705,1677.2161435023284
-12.890745149873528,1.1547260584311834
-29.613581481582788,1015.8805024750828
-34.027603064745236,4146.573286322381
43.72008589727817,1012.8143849547804
-16.90603825355797,11420.562774092863
-30.447722966568694,1164.9482352199643
10.171790391156318,2178.5806321724085
-19.826334484941658,236.20178459976384
-27.519582751819275,3121.116353636211
10.738934104011985,6157.177995159444
-27.210699409965873,3.1576355830790654
54.534851641137365,1384.556081001303
30.171568744117973,3286.629995165814
-61.17178139090119,439.1605637591995
82.52096193582905,1747.0966663305583
19.837894841496432,192.68530755902586
3.4681846868263158,5047.532941445356
-6.691291157865539,841.5991298336387
24.234934351428816,123.33998629221422
-38.60788903960851,1020.6126004608117
22.218045327478517,22.40325968489161
-16.55698106537203,4547.3221112246765
6.073680112244784,652.6598451014695
65.56702978890358,410.3848304573514
4.982242125424062,649.2395890129134
1.6282039153261145,2505.8035319264545
-24.462385062479374,1969.5798351823244
-54.86983295544583,1197.9141821889468
-26.990414092865215,3832.185253324153
-22.675682074065453,44.37370865076392
-5.652964393248926,626.3451676349702
-46.4085806499361,4037.9970353505128
-33.201721852616586,3061.102287187129
-3.328882655701552,4279.930935211978
-22.129668885551485,39.49896451492851
-51.14251888386134,86.82336229831415
66.96012212676906,2268.422745935719
-37.29556528187176,138.5387242902088
-22.552805009176883,636.3939137282407
85.80159290786717,11234.35454037748
-17.361940658617602,97.80249295424325
14.976789403465983,592.9267192470094
23.674283597645495,63.13259988533033
25.1735431618665,41.22316369127816
-11.051816792852701,3581.5149922741803
1.7087134740395236,4.448835664674812
-36.14984504564826,673.4841267008622
0.7610852970667672,1977.6634565451664
-43.78290204410861,1867.2399451646854
22.71776504519458,1096.8759494995252
-7.015734024706777,564.0216530014973
-4.300357142051713,1.0497736978326546
25.04432145232733,188.4361813406712
-7.770306926889038,9631.616221103784
-23.6877908570322,852.1132465571346
2.2761026415947576,3431.446652905568
-1.4717879733721198,1500.7919314413612
30.04910350656966,682.7784844445733
-25.63342957075408,194.8574179342412
-8.892411734706332,3814.6787112428806
18.932238619188436,920.7652761406483
0.8371891940511951,603.2225357740532
-15.167092148085427,1605.5576699211456
5.356862507083267,253.48167012054375
-34.420813308070436,17842.9435009773
16.118726691377343,533.7780189667997
-19.150894436176078,1771.1595327681323
-24.82494164156751,5390.3815681965425
-30.863952316159857,4.39275246839988
1.5998216617564758,1295.8231135636845
-40.95970408896666,62.27666953494562
-1.7309191986422725,4828.615551219543
14.613926237171807,2454.961228956288
23.67106410672407,871.0310914745736
-16.45472958495778,4841.006226583295
-7.640200838059133,1261.9894063432735
46.724291542128796,5316.041963257537
-14.304862849302612,2204.416549315897
-6.87851927692471,483.09692596382905
-2.058445710759276,2596.20806363679
11.853468138898403,106.06306777506988
31.69084909786066,988.9122838823112
9.581222435227698,5534.249265077649
5.971717931505889,537.86541651339
-10.027533584097188,6335.4252678767625
0.3913580508832091,9.33478252322243
-44.37513215366944,4909.637548647236
4.984188039946485,729.5521274343433
-6.976198035945362,2727.172088439249
-17.8052944272351,9565.595273747189
-4.6412956305624,12630.303765295625
46.27348597991396,149.14906558646024
-18.64374710414747,3827.096785854536
16.806790910165585,3093.1055117196697
12.372090617579879,2324.8839194790053
11.454347543499278,100.65575630815216
2.868724406316044,4.769123429548337
28.73761527839662,1187.359313025453
-2.232187873914693,35.6143340881622
-43.91209400251371,99.33668413715004
17.183007631641072,2050.729631711171
6.164543374015221,303.92582333883496
29.116775343107445,102.27054035792936
-43.530776254182584,3127.973111802886
-3.2293282238013212,958.6826361303724
-17.73209250685618,1707.9055470174683
-2.7055712664784615,1157.953242688719
1.283585928510302,1796.909216998238
39.00223943588058,932.7212381818491
-11.164560029312277,12988.283883942851
11.216383212091511,1507.9760602377005
3.3036848244053196,76.94602772572391
2.6693773975353956,13855.55954680933
5.210136111355762,3121.4231394883623
2.634296713275411,609.4104372559251
-43.22914417186247,698.5004933408904
-9.993656048618181,734.1984203957045
-7.2598576139669895,12799.981665464034
27.899997353903995,8909.97910481777
-4.294066731389091,62.817805948911015
11.721585715876852,1073.201577863346
17.60056834286213,87.40367601813678
6.681538961147876,4.911965236587572
5.331106390935286,1617.5583103590702
-11.447901733205516,724.9510625467013
-46.962891283803756,838.4605512159555
-21.872455763573345,12.404855297248867
-36.395655556013494,2613.5006477143456
-15.848852132085742,177.21848735681138
-28.69025373607771,5.840586097023959
33.84132869997255,1075.8607768958996
1.53827338577862,7717.708061660068
-33.29547472003429,2106.180062737165
-4.644353346021166,34.7021251490475
14.683151441265903,954.9379474777049
-7.62957337274084,1154.1641433993457
25.598626713114566,118.0342569826552
6.224283420399086,334.0382993590168
-16.792890931394655,710.7027291208037
-19.322963872825955,220.82845914159128
-20.70495725125632,3969.528697339883
-43.39736997358786,106.84020612733593
-4.622207301565613,1133.5779069527644
38.42931468013636,187.11604547362512
0.4159239670494621,6175.170739273432
-19.657326932741032,1857.5544879803833
-26.582497453603043,10.275039897914226
8.671592227213164,1103.3806735806022
-30.65882664721541,3807.2951509416075
-54.787710829781204,131.58686845364687
10.29923982444664,162.00746430368338
-14.622712500650056,4198.547338542581
-10.847274836448282,332.88871955189177
-11.530851890977619,12.785798030311568
3.590238550768941,236.09978039180294
-26.879569957305893,581.3939932674136
15.71062121573345,805.3345941969053
-1.85841061423476,1989.3674331102736
-0.9120810413395795,306.69574642256504
22.731807209336676,7274.690635812197
39.55208667077913,1020.6979100546656
53.67121174277064,3.702412079816482
23.65674515900694,80.57981644420718
-28.940406973523768,4151.182550735444
2.9535483205170685,1479.4709238099201
-27.5141760813374,10863.741500630007
-21.194119694863463,3726.1572767569214
-31.032660711901617,5020.802101762885
7.741499519313162,2673.1637032237345
40.17298451320549,3602.6206041807714
-6.420663395570404,1178.353682702751
8.890614331143848,2279.85456346318
-19.934571115217512,3374.876043245864
-57.85654520153703,1589.88402461743
0.16517819530416133,1296.383024605305
19.21945811160496,3219.4847620120345
-3.5687467750738797,814.4610943513343
-9.01579582271886,35.81822114033338
17.668914278310044,221.1359034534223
-22.53273113291529,3.4879709818168987
7.935578720513728,1203.4392270420944
-15.460664239644775,972.7492606256138
-14.252358672155328,112.75890869763003
28.683056383912724,202.81977562372583
3.2204744830214587,13127.825868294494
17.908141380790195,1428.520186484776
-14.349944854147555,4856.785477247171
-8.926238883421991,2321.0766203795533
-86.85322264428534,44.853921979330565
-12.615148705784822,12447.836059023013
-4.057026025124703,46.527746136144835
-23.376776418488593,490.4865388215779
-12.466248203927666,263.74675702438816
21.561381755435246,2084.5169364596045
-17.298161279444248,262.8749456844211
-13.889474921450518,1600.5780008423396
-9.166571090487356,2060.2124805569197
-21.112774009758265,0.11260830686523329
16.077939188903525,70.52262215046699
-10.858082053776133,27.582006720536512
-11.131109299160318,404.24610783083057
3.2105027823917673,2590.1221026662074
-45.99161937840394,1.8994861202877436
41.77923172134909,1595.4853137329221
33.56154055341257,831.6120927172924
-37.70208750416033,0.126768228713142
23.30862850845072,107.77953468205324
-5.668169363869854,313.38070019351596
-3.694582800304733,315.39377097949233
-29.13580807785242,2687.929575978266
27.008630542612234,353.7292916568705
1.7196112352856225,147.41217415021742
-6.8959977965277695,852.9087899336577
-12.238019702163076,7191.346486825117
-0.9045063763596666,6263.963843867081
18.300278237119397,1801.2677749628538
9.728696569893241,4621.850123911921
7.344603471947046,422.0154691061088
22.499784384745322,2228.078769825255
-13.384727514519216,21871.13464937901
-4.884618135223949,3300.035001425616
-10.703910779195457,5.13823622703788
-13.546110854810781,444.7141537335529
3.969631628779023,442.900569590611
-24.2423354280789,2098.7600565441476
-0.3071237994812641,334.16983546786486
13.039432969084526,2672.1684381409236
-45.384383524866806,2402.9883354859817
-4.273893142740764,1788.0880808323295
-47.50071926760735,1686.2579310675817
19.666099211481008,4513.262126203058
4.0630402050572165,15398.864504674773
15.834887764678722,2078.0993906519307
40.65063719838038,147.04309113567172
-10.784817431610026,1496.2772844917743
7.785901173987394,12033.463259990898
2.5065558181809813,2276.762128131131
8.940631739708845,35.661884299618954
-14.680067345349133,165.91907996805307
8.941230902012574,2386.5547243643055
49.41874328145467,4451.069328392622
-9.438936725849668,891.1753051500306
-12.509473678710055,111.0284570945717
17.36646961273483,1843.0583032069003
-27.83580810220919,2939.135744778997
36.24034414509417,9.117146407099357
35.59713926402195,2248.2398626965087
19.40402593068448,3877.9261342625205
-42.49804854741244,277.73917852359466
37.31035360138718,12001.628751589114
-22.960847865996374,3.343903946808927
33.96289354629623,1433.4031576585562
5.517941429131252,4071.9402203929776
24.70487812708846,7921.403651571549
-2.4395282124559863,7.5788289623741445
-0.18889638228587913,1354.4574278447917
9.877688453947751,1466.7899473606292
-38.24948864804914,1772.7602451368105
-20.92070383195126,1100.0238420040755
-17.743939170948355,36.73728784704763
2.4308882620331804,26.474189776222136
23.9812440038862,633.1142395536674
-8.168660476005318,1787.451444920527
-52.79245085373442,51.46997211189708
-12.366551071316469,1645.4453837688104
-12.294953140037165,0.5931339457013802
18.21074603085262,8310.440087279554
-0.003661434752462611,6429.6877166270915
25.634350367589587,1980.2296791974434
9.234565109680812,1956.9108945829435
6.812062714027814,7390.738470254551
-51.033712932269296,62.45649061491964
1.4570639095895608,3229.229556321053
-56.658999415395826,16.453611687851616
-41.332010983025114,1312.754663294369
25.187397697964894,3247.614829781268
27.140404772891184,6289.5977002048085
-5.104719056496865,6042.787062788145
-22.21364777784898,1.9792886135186087
4.380414670357265,505.9161035513783
48.366418873856546,2907.45260911391
-18.376331426531028,7965.85133585393
4.004386645452865,2470.677359901395
19.40332587431422,2924.3764842422565
26.919677800835967,2534.8448664139637
-37.73314793760234,890.594515565224
26.599111530829855,604.80467985095
-41.63134804800377,259.3725445260933
-24.275190729949987,24.411444483063196
31.270455927388507,7635.406348795905
-43.479819628418525,5272.786646941448
-14.663558950186388,1049.268918891932
-10.827313375677681,599.8006575362296
-18.02340077685044,68.04443834829841
-58.149975938808396,804.7598582398385
3.525622101858662,3117.6910489541
-0.28462246540086156,1150.8898406664355
-8.971843801198823,141.0150367665459
-41.374825480249754,540.3636039743752
26.05971520687876,509.63963042284746
-10.763774383944696,67.74387782831185
4.635955893492945,118.67835651885599
-30.68909120463311,8819.530472483902
5.358432201791327,80.38744386296929
15.393030690937206,1596.4848710069678
-8.588896921167967,257.36834890556975
-24.408321396930223,554.2528097429862
0.7299973374152202,275.5031453555706
24.5332770370304,458.2137047291005
-22.648724093141954,7001.14300704429
12.911337282805487,5122.461580332294
6.0766125997932185,37.19326478154993
-3.015437952245687,6095.676109906864
-17.147861227631086,216.65687505999438
54.74130608802544,935.6658547891849
-28.953580828604448,67.30900357053929
-53.69756211919402,10655.580717941699
16.52841372764193,38.974671747716954
0.8777850729020535,42.03462771705935
0.12163430825647126,2148.2381054245284
-50.20074483883526,10.38592097811492
-12.310202038463114,3561.2428571828627
-13.735745041872423,2587.0354206116144
-22.836545340619455,20.80953557302411
2.5659735502411873,926.3925922087179
-73.12114774669375,277.0626699348923
-33.70210543111112,1.3306654050352034
-11.17738417947577,3032.962297481615
-17.47153896089784,182.2406071198396
17.987961158416777,1089.5904200610125
3.065589180352088,15473.247486666645
-18.38153674375197,11327.458061108673
-31.08561425022123,344.8687861192401
34.4909661991819,128.19448720032523
2.0194932598959223,220.29771030831702
-55.668730351482864,8.944687186645917
17.984243736728086,2351.9583217336713
-37.876638369637035,1880.700100795946
10.857680661231807,66.03903214992627
-2.2635702527529027,101.18008523322763
-21.23635530299349,2810.0563629206977
-27.302936621263274,4170.224008914214
26.639410848750938,8.029622431601798
43.95091479988524,1207.614608987794
-39.02042468002084,1740.9285913552449
-0.36360777596788196,1817.4842507757442
5.413709845936385,1358.300743574981
-57.326142572075284,1093.1850334044145
-47.3180185709751,102.06972395010551
33.88547061164037,87.60022173364926
-10.087632326341197,16.88233723199189
34.326949666572446,1584.4354911668172
-11.100847356681943,243.2500116270484
-23.864135617353146,14.403833208195454
25.245896523612497,3112.6732637490645
13.248818861695366,4710.134611395512
-3.8546418380729968,1675.4927009012633
-8.087523566688322,1354.104080316322
30.285893764131725,12240.767097176686
58.97614851189438,218.77294255062455
-14.608810549183676,149.6569776424468
3.8900548235003036,2.811999555708062
12.380766333553861,1.1743148690153857
58.64773735145609,8443.468756532244
13.120843444715188,2045.1402387572741
34.27618548387487,2720.854529864898
20.88845695726148,3379.7321133152873
39.55874193493331,14.660299650864525
-18.711557238520523,3703.1939938498717
26.36882740237125,190.0172795674559
-10.242095783282988,2724.282639599431
20.526233968244465,1033.9358202091191
-0.15082063260753742,1046.260739589575
-17.381958945770766,1395.5806896857873
-2.5412277643815493,1710.5465126899423
19.77751398754297,796.4448223739089
41.63592716261665,352.9763225518127
5.222011363028937,12306.611342451128
-49.140408413534956,668.1625593397033
50.85694573655017,2090.790067925856
-5.549243566520818,2518.7467774431825
-2.5153747011703906,3215.1249868143364
33.91759014597328,4065.2975525278894
2.5233868249653817,6119.190357980516
-2.902843766858286,0.011979698944999777
-5.006316200937892,2480.2431694737384
-29.727679350614398,1.0173106963156944
43.58493693591218,7655.048159684436
52.45877687423943,4764.570252359154
10.090688175120118,1325.4139065528313
40.70696208885475,38.90355668416761
34.152698517946405,6151.581920864527
-51.32611811355231,12.347529533589794
5.315969219877549,4382.750113334119
19.33601101264396,2936.9604987936314
28.718903488904242,1793.6435641702062
-11.793418658766665,6487.50051682254
-1.5928869929693867,2526.1784109909877
-34.516832836413656,2978.918659300625
23.327529855292465,152.7285002808829
16.37550050059387,1589.1841468033501
39.91654013592516,5535.791515834297
-5.341336651861642,24.76815914296766
-15.554102909757393,1044.9475837481912
18.36793640417771,141.37006139642844
-4.1465992673112915,596.8109808170638
-1.442542308672973,112.04786584811383
-20.44962919429783,580.9947275798273
16.07107338005228,12721.14759562293
17.674657761570852,270.9279187337485
-8.33213607426821,32.10651377929187
-2.1493595986893475,14332.95981142166
8.287131714234828,0.5268102136724948
-44.087639576151545,3194.0385130594163
7.7508785202426616,1058.2616162973447
-10.83021485734766,965.6850630933799
-32.614323962012364,927.9476871462349
-8.731330869570417,19.04045372379866
3.9570895066160965,1728.35988068561
16.282301438289014,625.9110966493279
31.817003196104576,2995.925281174345
-26.032776255797355,1312.019641985199
-3.4842931907834505,237.77009653086768
-28.628625193737452,162.62938915797017
-23.61457801625153,5931.798105573288
-3.128841919372366,406.5599000596766
32.82544241684987,6382.341850741937
-26.384917656563818,2988.2528329273664
-51.18851293006442,7015.544513728063
-22.4950446817863,567.6609376604615
-49.50641768865957,13199.925654705838
0.9839201427227344,1469.6041629262213
-12.86740464822812,4911.739456034152
-21.970782818410914,28.740110536125457
-11.102288908754065,2661.746071712492
-3.20873000676416,840.9361534829235
10.728624628244386,3756.9206249627387
-12.264430709498615,367.07873446024735
-33.58338978304256,259.60330127270566
34.40541164348761,1104.0937394951172
-26.287939760609465,1920.7931520095428
-7.7021584519422,7033.537221802133
0.17858778288120503,100.98236569981326
10.532886655108069,2862.487977810946
-14.272998373515389,1568.447438558202
-1.4079814996039666,368.49882061578967
35.77635660423918,228.72524439130459
-10.211806693921421,23129.84355288519
-23.33403485931696,275.0159437354998
-3.9057556793601584,3466.891083198528
47.585945475201456,327.77912551594454
